timestamp,roll,pitch,yaw,thrust
299146152,0.0195293,0.0488697,-0.073193,0.0
299178185,0.0195791,0.0492112,-0.0731865,0.0
299210158,0.0195844,0.0511762,-0.0731634,0.0
299242157,0.019653,0.053625,-0.0731365,0.0
299274171,0.0196358,0.0505179,-0.0731637,0.0
299306155,0.0197004,0.0501993,-0.0731636,0.0
299338221,0.0182982,0.0506581,-0.0731426,0.0
299366189,0.0121101,0.0510943,-0.0730795,0.0
299398151,0.0119721,0.0512498,-0.0730737,0.0
299430154,0.0125489,0.0514886,-0.0730724,0.0
299462205,0.0157386,0.0516813,-0.0730988,0.0
299494156,0.0228921,0.051854,-0.0731624,0.0
299526187,0.0336671,0.0519049,-0.0732607,0.0
299558193,0.0354624,0.0519264,-0.0732763,0.0
299590193,0.0349549,0.0520119,-0.0732695,0.0
299618218,0.0348625,0.0521362,-0.073266,0.0
299650161,0.0348661,0.0522827,-0.0732639,0.0
299682153,0.034844,0.0523235,-0.0732637,0.0
299714157,0.0348288,0.0522739,-0.0732645,0.0
299746159,0.0312023,0.0523505,-0.0732296,0.0
299778186,0.0322698,0.052358,-0.0732392,0.0
299810158,0.0352749,0.0539126,-0.0732515,0.0
299842194,0.0350858,0.0576423,-0.0732124,0.0
299870191,0.0349537,0.0601547,-0.0731866,0.0
299902199,0.0298159,0.0547902,-0.0731909,0.0
299934145,0.0273014,0.0520175,-0.0731938,0.0
299966190,0.0276331,0.0522262,-0.0731931,0.0
299998193,0.0278777,0.0524702,-0.0731923,0.0
300030155,0.0278819,0.0525311,-0.07319,0.0
300062161,0.0279585,0.0525792,-0.0731887,0.0
300094188,0.0280617,0.0525759,-0.0731886,0.0
300122189,0.0280451,0.0526853,-0.0731866,0.0
300154158,0.0280492,0.0527872,-0.0731846,0.0
300186155,0.0281427,0.052867,-0.0731829,0.0
300218157,0.0281724,0.0528237,-0.0731836,0.0
300250157,0.0283326,0.0528368,-0.0731829,0.0
300282155,0.0283924,0.0528156,-0.0731831,0.0
300314157,0.0284135,0.0528399,-0.0731827,0.0
300346178,0.0284348,0.0527109,-0.0731849,0.0
300374198,0.028606,0.0526812,-0.0731851,0.0
300406155,0.0286279,0.0525546,-0.0731874,0.0
300438178,0.0288164,0.0524077,-0.0731895,0.0
300470156,0.0288967,0.0523394,-0.0731907,0.0
300502160,0.0289392,0.0521544,-0.0731938,0.0
300534154,0.0290187,0.0520505,-0.0731956,0.0
300566157,0.0290499,0.0556216,-0.0731613,0.0
300598189,0.0291041,0.0544701,-0.0731733,0.0
300626188,0.0292089,0.0513988,-0.0732036,0.0
300658184,0.0293431,0.0514846,-0.0732035,0.0
300690166,0.0294501,0.0516371,-0.0732022,0.0
300722155,0.0294341,0.0516341,-0.0732023,0.0
300754153,0.0293496,0.0515333,-0.0732043,0.0
300786166,0.0293995,0.0515143,-0.0732045,0.0
300818173,0.0294455,0.0514254,-0.0732061,0.0
300850191,0.029418,0.0512951,-0.0732087,0.0
300878219,0.029483,0.0511796,-0.0732105,0.0
300910155,0.0295007,0.0510877,-0.0732122,0.0
300942152,0.0295006,0.0510154,-0.0732135,0.0
300974154,0.0296546,0.0510033,-0.0732134,0.0
301006156,0.0296894,0.0509896,-0.0732134,0.0
301038169,0.0296716,0.0509469,-0.0732143,0.0
301070165,0.0297167,0.0509612,-0.0732139,0.0
301102192,0.0297983,0.0509778,-0.0732135,0.0
301134157,0.0299057,0.0509049,-0.0732146,0.0
301166950,0.0299259,0.0508641,-0.0732153,0.0
301198951,0.0299288,0.0508611,-0.0732153,0.0
301230948,0.0301033,0.0507492,-0.0732169,0.0
301262950,0.0300819,0.0506739,-0.0732183,0.0
301290951,0.0300489,0.0506072,-0.0732197,0.0
301322952,0.0301424,0.0506337,-0.073219,0.0
301354979,0.0301165,0.0507018,-0.0732177,0.0
301386959,0.0301096,0.0507027,-0.0732178,0.0
301418953,0.0301277,0.0507081,-0.0732176,0.00811024
301450954,0.0302369,0.0506899,-0.0732175,0.017091
301482948,0.0301792,0.0506221,-0.073219,0.0462388
301514952,0.0301875,0.0505206,-0.0732208,0.0589212
301542948,0.0303021,0.0505525,-0.07322,0.0622089
301574950,0.0303324,0.0505218,-0.0732205,0.0716725
301606949,0.0303771,0.0505594,-0.0732197,0.0987056
301638980,0.0304971,0.0520245,-0.0732183,0.0998371
301670955,0.0304815,0.0555167,-0.0730965,0.0982022
301702952,0.0303741,0.0583488,-0.0733036,0.0973915
301734951,0.0303676,0.0563734,-0.0732784,0.0978076
301766950,0.030453,0.0498517,-0.0727509,0.0988633
301794995,0.0303889,0.049648,-0.0722445,0.0988867
301826953,0.0303522,0.0500971,-0.0725506,0.0988157
301858968,0.0330264,0.0474708,0.00140636,0.109451
301890948,0.0329883,0.0474492,0.00109497,0.127131
301922950,0.0330387,0.0473753,0.00152768,0.151319
301954982,0.033128,0.0473431,0.00183203,0.164737
301986951,0.0333021,0.0509079,0.0018952,0.177268
302018998,0.0331197,0.0497083,0.00173063,0.177458
302046952,0.0330406,0.0468004,0.000962888,0.177076
302078955,0.0330315,0.0471038,-4.49034e-05,0.177077
302110949,0.0330972,0.0473844,0.000638282,0.177113
302142950,0.0331272,0.0473627,0.00118044,0.177111
302174952,0.0332309,0.0473617,0.00104943,0.177108
302206953,0.0332254,0.0472671,0.000415131,0.177357
302238978,0.0332072,0.0473041,0.000272769,0.177947
302270956,0.0332761,0.0473329,-0.000117004,0.177068
302298994,0.0333865,0.0472566,0.000609789,0.174905
302330980,0.0333745,0.0473022,0.000538189,0.171972
302362949,0.0333884,0.0472583,0.000433429,0.172069
302394946,0.0333364,0.0470876,0.000237852,0.172325
302426949,0.0333057,0.0470491,0.000462827,0.173053
302458968,0.0331657,0.0470392,0.000462522,0.177143
302490947,0.0331349,0.0470492,0.000392223,0.179266
302522950,0.0331935,0.0469834,0.000181235,0.207406
302550947,0.0331875,0.0469878,0.00020021,0.220351
302582954,0.0333133,0.046912,0.00014121,0.221998
302614950,0.0332742,0.0468673,8.34912e-05,0.219038
302646950,0.0333487,0.0467996,5.60515e-05,0.219033
302678950,0.0333729,0.0468637,0.00010778,0.218221
302710950,0.0334898,0.0468046,8.93223e-06,0.215958
302742949,0.0335142,0.0468576,1.98887e-05,0.210466
302774953,0.0348642,0.0470341,-1.63828e-05,0.210373
302806955,0.0399444,0.04701,-0.000354964,0.210899
302838973,0.03644,0.0471769,-0.00038243,0.210883
302870950,0.0328776,0.04737,-7.28627e-05,0.210837
302902947,0.0335359,0.0474791,1.08251e-06,0.21084
302934950,0.0336581,0.0477441,1.15551e-05,0.210843
302966950,0.033607,0.0480286,-0.00010025,0.210844
302998952,0.0339375,0.0480531,-0.000373517,0.211092
303026950,0.0331602,0.0487186,-0.000393516,0.213685
303058984,0.0339168,0.0485666,-0.000325543,0.21616
303090946,0.0386554,0.0490469,-0.000309054,0.218162
303122955,0.0387496,0.0497736,-0.000375144,0.217129
303154975,0.0334052,0.0494096,-0.000412246,0.212132
303186949,0.0324062,0.0499016,-0.000554186,0.210512
303218977,0.0322334,0.0506324,-0.000425989,0.209931
303250948,0.0330352,0.050455,-0.000348606,0.209633
303278955,0.0324699,0.0510908,-0.000451787,0.209579
303310947,0.0325371,0.0510889,-0.000640705,0.21073
303342947,0.0329988,0.0509947,-0.000855053,0.211739
303374951,0.0323818,0.0518415,-0.000794595,0.213
303406949,0.0323644,0.0520442,-0.000630168,0.213319
303438974,0.0382445,0.0519624,-0.000590699,0.213018
303470956,0.0401098,0.0529016,-0.000717038,0.211908
303502948,0.0401392,0.0530617,-0.00079494,0.209443
303530995,0.0404497,0.0529925,-0.00100857,0.209186
303562947,0.039354,0.054031,-0.000871622,0.208514
303594950,0.0384064,0.0539685,-0.000750581,0.208067
303626950,0.0322188,0.0542618,-0.000830824,0.210468
303658949,0.0312416,0.0551002,-0.000843509,0.211309
303690947,0.032226,0.0550063,-0.000752042,0.211276
303722952,0.0320666,0.0555728,-0.000732893,0.211107
303754993,0.031417,0.0561233,-0.000797763,0.212068
303782952,0.0322349,0.0560458,-0.000837506,0.212143
303814950,0.0318875,0.0568968,-0.000987638,0.213075
303846949,0.0315264,0.057605,-0.000954911,0.218743
303878953,0.0326366,0.0574218,-0.000737228,0.219494
303910947,0.0322038,0.0580453,-0.000851532,0.214769
303942959,0.0322478,0.0583496,-0.000987025,0.211645
303974980,0.0328841,0.0585461,-0.00107069,0.210371
304006947,0.0327229,0.0590945,-0.00131241,0.209975
304034957,0.0327583,0.0592597,-0.00123317,0.209889
304066947,0.0329847,0.0592611,-0.000940472,0.217894
304098947,0.0327221,0.0599923,-0.0011819,0.230414
304130980,0.0327636,0.0602084,-0.00120493,0.257136
304162947,0.0336325,0.0598512,-0.00121809,0.259235
304194947,0.0329638,0.060675,-0.00150083,0.258296
304226954,0.0329434,0.0608243,-0.00180416,0.262604
304258997,0.0334625,0.0608256,-0.00204633,0.274437
304286951,0.0326513,0.0615048,-0.00203592,0.293822
304318950,0.0338861,0.0608473,-0.00188031,0.292118
304350947,0.0350531,0.0624366,-0.00174816,0.287464
304382950,0.0351724,0.0617325,-0.00205909,0.287598
304414947,0.0311908,0.0627602,-0.00187066,0.288008
304446947,0.0322879,0.0624452,-0.00187573,0.28798
304478950,0.0332765,0.0633266,-0.00187401,0.287946
304510950,0.0348883,0.0637464,-0.00194548,0.28795
304538995,0.0356668,0.0635742,-0.00195579,0.28845
304570946,0.0341439,0.0644406,-0.00145638,0.294907
304602950,0.0374309,0.0633954,-0.000565662,0.297665
304634949,0.0383289,0.0644239,2.63757e-05,0.306702
304666951,0.0388122,0.063933,-7.36033e-05,0.320765
304698949,0.0382336,0.0640909,-0.000368108,0.334701
304730953,0.0354904,0.064982,-0.00060917,0.335277
304762947,0.0313461,0.0646653,-0.000514285,0.336208
304790950,0.0355223,0.0645187,-0.000370657,0.336224
304822950,0.0390023,0.0643149,0.0005296,0.336162
304854947,0.0376761,0.0640981,0.00167496,0.336138
304886951,0.0327685,0.065109,0.00203319,0.336144
304918989,0.0285968,0.066316,0.00186852,0.336146
304950951,0.0280765,0.0668366,0.00249711,0.336145
304982954,0.0298134,0.0657222,0.00351194,0.336393
305014947,0.0306673,0.065432,0.00455702,0.353465
305042950,0.0286955,0.0664619,0.0059906,0.36828
305074950,0.0267706,0.0678738,0.00749627,0.37524
305106947,0.0270412,0.0675508,0.00870388,0.373768
305138989,0.0290682,0.0663359,0.00954025,0.37302
305170947,0.0308893,0.0654256,0.010571,0.372231
305202947,0.0300717,0.0658157,0.0113463,0.371974
305234951,0.029771,0.0659905,0.0113328,0.370202
305266949,0.029712,0.066451,0.0114173,0.369742
305294953,0.0276448,0.0669751,0.0118148,0.369766
305326947,0.0268294,0.0680556,0.0125783,0.371822
305358952,0.0280373,0.0668652,0.0133311,0.373489
305390950,0.0297895,0.0656722,0.0141242,0.375974
305422947,0.0302677,0.0657172,0.0146852,0.380125
305454953,0.0286151,0.066429,0.0151173,0.391138
305486951,0.0268922,0.0676737,0.0155358,0.410966
305519000,0.0270752,0.0669349,0.0160028,0.41196
305546950,0.0278241,0.0669981,0.0164195,0.410768
305578980,0.0278472,0.0673651,0.0168909,0.41074
305610947,0.0277748,0.0669984,0.017431,0.413187
305642951,0.0263539,0.0666655,0.0184126,0.422616
305674950,0.0243088,0.0632724,0.0197574,0.438876
305706947,0.0209993,0.0578207,0.0210372,0.451683
305738982,0.0149807,0.0474351,0.0218753,0.450123
305770949,0.0073134,0.0332084,0.0228353,0.450277
305798954,-0.000323564,0.0137796,0.0233162,0.452447
305830947,-0.00743144,-0.0125736,0.023342,0.467067
305862954,-0.0119648,-0.0394487,0.0234374,0.480557
305894951,-0.0159832,-0.0635827,0.0235965,0.489717
305926974,-0.0209144,-0.0810062,0.023825,0.488436
305958980,-0.0304518,-0.0915841,0.0248662,0.487795
305990953,-0.0407273,-0.0952232,0.0259401,0.487927
306022950,-0.050734,-0.0928182,0.0272645,0.488222
306050953,-0.0566413,-0.0895223,0.0279911,0.489052
306082947,-0.0615965,-0.0865765,0.0285942,0.493332
306114947,-0.0622517,-0.077547,0.0290496,0.500431
306146952,-0.0600485,-0.0690567,0.0288038,0.516185
306178974,-0.0548423,-0.0665475,0.0291795,0.518023
306210949,-0.0458667,-0.071388,0.0285251,0.517428
306242950,-0.0426692,-0.0778737,0.0286032,0.516502
306274950,-0.0400507,-0.0879712,0.0277136,0.515741
306302949,-0.0381318,-0.0998179,0.0272347,0.510593
306334952,-0.0366147,-0.112717,0.0260671,0.498531
306366947,-0.0338625,-0.120653,0.0250665,0.478453
306398950,-0.0345708,-0.122448,0.0232943,0.478609
306430989,-0.0373061,-0.119903,0.022163,0.482598
306462947,-0.04222,-0.114717,0.0202524,0.483424
306494951,-0.046944,-0.106616,0.0184673,0.483154
306526947,-0.0502972,-0.095501,0.0165186,0.483099
306555003,-0.0495915,-0.0863547,0.0146672,0.483365
306586947,-0.0437382,-0.0778323,0.0124836,0.486319
306618979,-0.0349646,-0.0697692,0.0100277,0.487781
306650950,-0.0282651,-0.0633836,0.00803243,0.48808
306682950,-0.0249282,-0.059073,0.0055675,0.487949
306714950,-0.030363,-0.0559856,0.00442826,0.487104
306746952,-0.0401613,-0.0531873,0.00225172,0.486697
306778993,-0.0817493,-0.0520108,0.00138699,0.486226
306806950,-0.145051,-0.0530562,0.000208125,0.48483
306838979,-0.232908,-0.0556919,-0.00149636,0.483154
306870947,-0.397211,-0.0621476,-0.00155641,0.479156
306902955,-0.438017,-0.0605371,-0.00350442,0.471966
306934949,-0.422418,-0.0581274,-0.00435678,0.448942
306966947,-0.352685,-0.0545468,-0.00653702,0.443644
306998955,-0.262347,-0.0505488,-0.00782917,0.443379
307030949,-0.135052,-0.0472137,-0.00977319,0.445556
307059002,-0.0368841,-0.0440025,-0.0107206,0.445937
307090947,0.0618002,-0.0409988,-0.0116156,0.44579
307122950,0.102824,-0.0381562,-0.0122164,0.445766
307154980,0.110066,-0.0385182,-0.0126091,0.446622
307186949,0.0966217,-0.0411723,-0.01282,0.447042
307218996,0.0628013,-0.0452172,-0.0128666,0.447079
307250950,0.0239434,-0.0504908,-0.0126718,0.447228
307282950,-0.0165016,-0.0548537,-0.0128172,0.448067
307310974,-0.0446293,-0.0570438,-0.0130675,0.44958
307342947,-0.0651411,-0.0563408,-0.0137065,0.452026
307374947,-0.0851885,-0.0497274,-0.014259,0.452003
307406953,-0.0891292,-0.0384919,-0.0151217,0.451837
307438975,-0.0699801,-0.0263074,0.00677801,0.45204
307471003,-0.0379546,-0.0146551,0.0382606,0.452645
307502955,-0.00350191,-0.00571438,0.0700229,0.453067
307534992,0.0279994,-0.00106676,0.102916,0.453035
307566956,0.0523797,0.00100106,0.119773,0.453003
307598951,0.0680074,-0.0022871,0.13905,0.453011
307630947,0.0631766,-0.0123348,0.150114,0.453013
307662950,0.0481644,-0.0264104,0.161223,0.453013
307694949,0.0278802,-0.0371285,0.178023,0.453012
307726950,0.00246395,-0.0397871,0.19015,0.452514
307758950,0.0319214,-0.0395512,0.198709,0.449162
307790992,0.0501185,-0.0396935,0.206354,0.447487
307822950,0.124593,-0.0442783,0.206739,0.446801
307854973,0.150845,-0.0349766,0.211062,0.446966
307886950,0.161317,-0.0129948,0.217585,0.447003
307918965,0.150627,-0.00020384,0.223096,0.446988
307950947,0.134324,0.0168248,0.230198,0.446987
307982950,0.108422,0.0235916,0.242578,0.446988
308010950,0.0805178,0.0262665,0.262233,0.446988
308042949,0.0470684,0.0219095,0.311045,0.446988
308074973,0.0133017,0.0124449,0.333598,0.446988
308106950,-0.0170563,0.00111574,0.349013,0.446988
308138981,-0.0439833,-0.0111593,0.358716,0.446988
308170952,-0.0553644,-0.0219904,0.367582,0.446988
308202947,-0.0567704,-0.031235,0.373612,0.447237
308234953,-0.0503799,-0.03764,0.381662,0.447827
308262950,-0.0407898,-0.0406644,0.387886,0.448494
308294954,-0.0272732,-0.0406372,0.389812,0.45056
308326987,-0.0149974,-0.0385453,0.390985,0.451575
308358947,-0.00601253,-0.034786,0.391061,0.451911
308390950,-0.00299138,-0.0305955,0.39575,0.451815
308422949,-0.00488692,-0.0263463,0.402269,0.45179
308455047,-0.0117839,-0.0229216,0.407001,0.451808
308486953,-0.0222379,-0.0203926,0.40918,0.451809
308514995,-0.0319187,-0.0196501,0.410953,0.451808
308546949,-0.0417514,-0.0198844,0.412876,0.451807
308578956,-0.0483298,-0.021001,0.412684,0.451807
308610947,-0.0510866,-0.0233773,0.419378,0.451807
308642955,-0.0479952,-0.0350941,0.424723,0.451807
308674947,-0.0408892,-0.093151,0.419529,0.451807
308706947,-0.0376428,-0.110645,0.415065,0.451807
308738993,-0.0488477,-0.110601,0.40732,0.451807
308766947,-0.0489999,-0.102753,0.401352,0.451807
308798949,-0.0455679,-0.0913289,0.398411,0.451807
308830951,-0.0438202,-0.0830132,0.39595,0.451807
308862947,-0.0592233,-0.121567,0.392519,0.451807
308894953,-0.0584529,-0.122374,0.384807,0.451558
308926949,-0.0411864,-0.109452,0.370459,0.450969
308958947,0.00935831,-0.0777311,0.316589,0.450512
308990953,0.0202899,-0.0505878,0.272388,0.450579
309018990,0.0191396,-0.0347828,0.196707,0.4512
309050949,0.0188255,-0.0319247,0.154513,0.45127
309082947,0.0153319,-0.0497059,0.12948,0.450952
309114947,0.00757193,-0.0547802,0.108558,0.450609
309146955,-0.000725999,-0.0623527,0.0872542,0.450577
309178973,-0.00951174,-0.0643749,0.0672663,0.450855
309210950,-0.0191746,-0.0618057,0.048902,0.451198
309242951,-0.0325608,-0.0408358,0.0321179,0.451479
309270950,-0.0405444,-0.0168082,0.0181201,0.45204
309302949,-0.0526234,0.0671702,0.0037151,0.453089
309334955,-0.044393,0.106057,-0.0102595,0.453101
309366947,-0.0209083,0.140657,-0.0236965,0.45667
309398951,-0.0116724,0.144565,-0.0357128,0.464467
309431053,-0.00451568,0.142267,-0.0477333,0.482177
309462947,0.00161079,0.123472,-0.0581063,0.484431
309494954,0.00464114,0.0982929,-0.0680904,0.483125
309522949,0.00332185,0.0717287,-0.0758851,0.482999
309554984,-0.00102037,0.0409617,-0.0842585,0.483141
309586947,-0.00820865,0.0137765,-0.0919462,0.483145
309618974,-0.016198,-0.00806477,-0.0983134,0.482882
309650951,-0.023065,-0.0228751,-0.104039,0.482044
309683045,-0.0233192,-0.0314978,-0.109109,0.480331
309715085,-0.02736,-0.0365788,-0.113021,0.477281
309746950,-0.0303332,-0.0512529,-0.116801,0.453303
309774947,-0.0306968,-0.0542057,-0.119038,0.444093
309806955,-0.029074,-0.0516171,-0.12124,0.441944
309838973,-0.0262737,-0.0426243,-0.122756,0.444743
309870947,-0.0224549,-0.0279817,-0.123723,0.446451
309902953,-0.0179556,-0.016485,-0.124003,0.447229
309934975,-0.0122998,-0.00902495,-0.0914929,0.447013
309966949,-0.00613586,-0.00664229,-0.0438247,0.446959
309998953,-0.0017563,-0.00861127,0.0276795,0.446988
310030948,-0.00296818,-0.0142915,0.0524795,0.446991
310062951,-0.00522863,-0.0237868,0.0686134,0.446989
310094979,-0.00668081,-0.0270166,0.0716789,0.446988
310126986,-0.00910125,-0.0268675,0.0775411,0.447486
310158947,-0.0112018,-0.0182454,0.0987094,0.450589
310191050,-0.0123974,-0.01685,0.135484,0.451675
310222977,-0.0115368,-0.0184028,0.194538,0.451903
310250951,-0.010703,-0.0180095,0.2232,0.451806
310282957,-0.00870765,-0.0170165,0.247577,0.451788
310314981,-0.0062597,-0.0156164,0.269125,0.4518
310346950,-0.00367553,-0.0154198,0.286043,0.451809
310378952,-0.00108549,-0.0159824,0.3029,0.451808
310410947,0.000309947,-0.0175952,0.316171,0.451807
310442953,0.0022337,-0.0195872,0.328845,0.451807
310474989,0.0174067,-0.00984683,0.334682,0.451807
310502951,0.0211235,0.0103021,0.340271,0.451807
310534972,0.0214865,0.0436847,0.346344,0.451807
310566947,0.016557,0.0421017,0.356713,0.452056
310598949,0.0111457,0.0360484,0.365038,0.452646
310630947,0.00453735,0.0289154,0.358641,0.456928
310662950,-0.00235618,0.0217691,0.333765,0.468089
310694993,-0.00929977,0.0155544,0.293913,0.482207
310726947,-0.0139965,0.00832216,0.26426,0.486283
310758975,-0.0162899,-0.00205426,0.259556,0.482753
310790954,-0.0160266,-0.00935172,0.253322,0.480882
310822947,-0.0153622,-0.012391,0.228571,0.480567
310854950,-0.0126865,-0.0137083,0.20335,0.480731
310886951,-0.00644381,-0.011936,0.162617,0.480734
310918949,-0.00888287,-0.00920884,0.13632,0.480969
310950949,-0.0118374,-0.00534766,0.117386,0.482228
310979043,-0.0112612,-0.00157786,0.105585,0.482858
311011047,-0.010188,0.00157088,0.0925866,0.483208
311042958,0.00924488,-0.00205729,0.0795272,0.483148
311075072,0.0568643,-0.024623,0.0671492,0.483122
311106952,0.116588,-0.0711211,0.0554763,0.483126
311138949,0.230206,-0.173434,0.0432382,0.481456
311170952,0.29871,-0.192556,0.0331486,0.48062
311202957,0.351812,-0.182985,0.023582,0.480427
311230947,0.291294,-0.165288,0.0165255,0.480151
311262949,0.174984,-0.137764,0.00967272,0.480321
311294999,-0.0336145,-0.0883103,0.00463047,0.480539
311326949,-0.128986,-0.0146711,-0.0012938,0.479465
311358975,-0.217418,0.0482827,-0.00727589,0.479421
311390957,-0.292142,0.09651,-0.0127604,0.479492
311423044,-0.310527,0.12469,-0.0187631,0.479527
311454949,-0.266381,0.122121,-0.0245979,0.479519
311482950,-0.210103,0.109032,-0.0298638,0.479268
311514985,-0.134133,0.0870139,-0.0346913,0.467321
311546951,-0.0561197,0.0384274,-0.0397022,0.453166
311578950,0.0106244,-0.0956232,-0.0446477,0.4427
311610949,0.0603942,-0.181676,-0.048803,0.444237
311642949,0.0877478,-0.258763,-0.0523804,0.446006
311674947,0.0917188,-0.265052,-0.0538715,0.446157
311706956,0.0723231,-0.243307,-0.0550206,0.446624
311734996,0.0436474,-0.166046,-0.0543707,0.447319
311766947,0.00644052,-0.0954688,-0.0540217,0.448598
311798952,-0.0328486,-0.025362,-0.0532056,0.450754
311830947,-0.0654737,0.0550357,-0.0521957,0.452102
311862953,-0.085172,0.111427,-0.0517776,0.452118
311894951,-0.0897023,0.151194,-0.0502235,0.453039
311926947,-0.0786538,0.152961,-0.038593,0.4531
311958989,-0.0497055,0.126224,0.0410591,0.453005
311987044,-0.0195539,0.0782791,0.102857,0.453004
312019045,0.0165466,-0.00288682,0.170297,0.45301
312050949,0.0488345,-0.15023,0.233052,0.453013
312082951,0.0720735,-0.237345,0.260116,0.453012
312114975,0.0857924,-0.311152,0.27585,0.453012
312146996,0.0875278,-0.325976,0.279431,0.453012
312178950,0.0780841,-0.309324,0.250958,0.453012
312210962,0.0621518,-0.261061,0.253743,0.453012
312238949,0.041422,-0.203611,0.25995,0.453012
312270947,0.021749,-0.133204,0.27389,0.453012
312302953,0.00434093,-0.0628761,0.29014,0.453012
312334975,-0.00786828,-0.00122393,0.315763,0.453012
312367047,-0.0122461,0.0454308,0.338298,0.453012
312398954,-0.00903682,0.0707943,0.367165,0.453012
312431049,-0.00268801,0.073047,0.379068,0.453012
312462949,0.00648559,0.0555181,0.378365,0.453012
312490947,0.0165699,0.0257181,0.380737,0.453012
312522958,0.0278876,-0.0128445,0.379294,0.455999
312554951,0.0324334,-0.022018,0.340859,0.479243
312586947,0.0378484,-0.0407951,0.334097,0.485736
312618957,0.0401473,-0.0580287,0.336972,0.485852
312650949,0.0391723,-0.080067,0.331616,0.483308
312682947,0.0342478,-0.0966828,0.317526,0.482954
312714957,0.0267835,-0.107837,0.299314,0.482535
312742947,0.0188537,-0.125185,0.258374,0.480638
312774949,0.00977413,-0.115396,0.230134,0.480549
312806953,0.00269783,-0.105022,0.198762,0.480675
312838947,-0.00222157,-0.0960834,0.159542,0.481577
312870949,-0.00342449,-0.0658068,0.142877,0.482231
312902956,-0.00120001,-0.0352623,0.127961,0.482855
312934981,0.00316102,-0.00509281,0.113561,0.483214
312966947,0.00761935,0.00926216,0.0987742,0.483148
312998954,0.00917342,0.0164512,0.0852784,0.482625
313030949,0.00974805,0.0471626,0.072754,0.480619
313062950,0.0109319,0.0724541,0.0606337,0.480293
313094950,0.00827981,0.0973031,0.0497067,0.470065
313126947,0.00229134,0.0795875,0.0388088,0.454802
313158986,-0.00338557,0.0550699,0.0287128,0.443863
313190951,-0.0116271,0.0436011,0.0191684,0.443946
313222949,-0.0165429,0.0515859,0.0103555,0.446379
313254951,-0.0173539,0.0680587,0.00207814,0.447359
313286954,-0.0544332,0.0988336,-0.00509423,0.44701
313318949,-0.140673,0.116558,-0.010956,0.446968
313350957,-0.150049,0.10513,-0.0175341,0.446989
313382954,-0.160524,0.0922225,-0.0239088,0.446992
313414996,-0.228424,0.0982936,-0.0285378,0.447826
313442955,-0.232645,0.0905154,-0.0330271,0.448244
313474954,-0.210816,0.0709595,-0.0381664,0.448284
313506950,-0.208569,0.0463906,-0.0425779,0.448184
313538991,-0.194914,0.0244852,-0.0467527,0.448185
313570949,-0.186061,0.00565121,-0.0500684,0.448194
313602947,-0.149273,-0.0101301,-0.0534004,0.448193
313634950,-0.0877533,-0.0211281,-0.0559951,0.448193
313666947,-0.0253537,-0.0248549,-0.0580882,0.448691
313695797,0.0391411,-0.022475,-0.0598718,0.450119
313727749,0.201484,-0.0199164,-0.0614877,0.45229
313759750,0.298448,-0.0173899,-0.062609,0.45353
313791795,0.342955,-0.0144185,-0.0631338,0.46446
313823750,0.304208,-0.0119198,-0.0628093,0.477071
313855775,0.250998,-0.0115767,-0.0622321,0.478031
313883748,0.196072,-0.0143384,-0.0614785,0.477457
313915776,0.131915,-0.0140127,-0.0602224,0.47727
313947750,0.0719006,-0.0143084,-0.0587925,0.477925
313979749,0.0695512,-0.000815472,-0.0578837,0.479997
314011749,0.0607962,-0.00881887,-0.0570092,0.482857
314043754,0.0523182,-0.0240894,-0.0562322,0.488029
314075773,0.0608348,-0.0449143,-0.0557754,0.488585
314107749,0.11395,-0.0854448,-0.0543927,0.48918
314135776,0.143147,-0.0919811,-0.0533711,0.489212
314167751,0.153631,-0.0885032,-0.0521813,0.489173
314199751,0.172721,-0.0859446,-0.0502211,0.488313
314231749,0.171274,-0.0795262,-0.0485854,0.487899
314263752,0.139853,-0.0684261,-0.0463097,0.487862
314295798,0.0629315,-0.0554034,-0.0440716,0.487961
314327774,-0.0198959,-0.044545,-0.0413135,0.487455
314359747,-0.104088,-0.036235,-0.0391836,0.485776
314391753,-0.186736,-0.0310684,-0.0368382,0.478183
314423748,-0.192917,-0.0301934,-0.0357182,0.465847
314455775,-0.176377,-0.0322488,-0.0342683,0.43586
314487749,-0.144519,-0.0362652,-0.0338756,0.428028
314519749,-0.101231,-0.0408828,-0.0328552,0.426826
314551749,-0.0482071,-0.0455669,-0.0319027,0.428815
314583773,0.0149768,-0.0477393,-0.0313626,0.430034
314615751,0.110153,-0.0490263,-0.0303282,0.429381
314647749,0.152071,-0.0472465,-0.0288834,0.428857
314679753,0.168941,-0.0422615,-0.0272147,0.428803
314711747,0.167315,-0.0351625,-0.0249032,0.431258
314743781,0.135496,-0.0258209,-0.0226253,0.437952
314775750,0.0855925,-0.0172955,-0.020288,0.459731
314807749,0.0362892,-0.0102836,-0.0178346,0.47445
314835755,0.00175213,-0.00656234,-0.0157105,0.484009
314867750,-0.010943,-0.0110279,-0.0137104,0.483709
314899751,-0.0183702,-0.0158661,-0.0120183,0.482949
314931752,0.00389325,-0.0209032,-0.0103413,0.483102
314963750,0.0335814,-0.027166,-0.00939826,0.483157
314995793,0.0501747,-0.0318688,-0.00782863,0.48447
315027779,0.0492496,-0.0312794,-0.0067263,0.486064
315059752,0.0467894,-0.0283678,-0.00530746,0.48694
315087750,0.0473294,-0.031244,-0.0039214,0.485697
315119749,0.0414586,-0.0296852,-0.00275131,0.484377
315151753,0.0229571,-0.0258913,-0.00134314,0.483339
315183751,-0.0312624,-0.0218204,1.29144e-06,0.482533
315215750,-0.0767294,-0.01858,0.00123632,0.48145
315247777,-0.138237,-0.0170334,0.0023348,0.4803
315279754,-0.161605,-0.0189626,0.00337353,0.479339
315311747,-0.16155,-0.0282378,0.00344788,0.471584
315339753,-0.117164,-0.0328591,0.00346124,0.461686
315371749,0.0166832,-0.0379268,0.00311095,0.444261
315403750,0.0833865,-0.0422483,0.00280119,0.444626
315435783,0.121955,-0.0440603,0.00299135,0.449159
315467747,0.141465,-0.0420656,0.00354602,0.450795
315499749,0.145773,-0.0365075,0.00375578,0.451967
315531792,0.131683,-0.0274377,0.00472714,0.451887
315563750,0.101004,-0.0165359,0.00575286,0.451805
315591750,0.0523801,-0.0138586,0.00679722,0.45205
315623750,-0.00653447,-0.0255557,0.00789551,0.455385
315655776,-0.0796579,-0.0777075,0.00942496,0.481091
315687749,-0.131115,-0.0878172,0.0106964,0.489911
315719747,-0.185552,-0.0888779,0.0118149,0.489696
315751774,-0.185654,-0.0827338,0.0125709,0.488494
315783752,-0.158239,-0.0755239,0.0124652,0.487313
315815775,-0.111337,-0.0615677,0.0128016,0.485997
315847751,-0.0569705,-0.0498003,0.0123682,0.486296
315879754,-0.00661904,-0.0444447,0.0119232,0.486727
315911749,0.0311419,-0.0644388,0.0115522,0.487619
315943800,0.051193,-0.0753941,0.0108526,0.488
315975818,0.0523567,-0.102911,0.0104387,0.487973
316007750,0.0390885,-0.115063,0.0104205,0.487943
316039747,0.02322,-0.137326,0.0102286,0.487951
316067747,0.00566581,-0.130197,0.0102406,0.487953
316099747,-0.0164217,-0.128198,0.0105663,0.487113
316131779,-0.0398115,-0.11348,0.0103781,0.486695
316163750,-0.052696,-0.0934772,0.010798,0.486656
316195778,-0.0548271,-0.0676301,0.0101862,0.486756
316227794,-0.0425463,-0.0462166,0.00975794,0.486748
316259747,-0.0219238,-0.0264543,0.00896739,0.486746
316291750,-0.00154212,-0.0125223,0.00765103,0.486746
316319753,0.0132821,-0.00711698,0.00709552,0.486747
316351749,0.0231782,-0.00900854,0.00623468,0.486747
316383755,0.0242459,-0.0167414,0.00532899,0.486747
316415747,0.0171346,-0.0258866,0.00501675,0.486747
316447751,0.00455537,-0.0337425,0.00397547,0.486747
316479759,-0.00985109,-0.0385527,0.00392486,0.486747
316511750,-0.0227679,-0.0395472,0.00327859,0.486747
316543759,-0.0311182,-0.0373008,0.00309803,0.486498
316571747,-0.0344901,-0.0337837,0.00312644,0.485411
316603751,-0.032199,-0.022625,0.00274605,0.483813
316635749,-0.0235267,0.026957,0.00313464,0.48184
316667750,-0.00616129,0.0552502,0.00275229,0.481
316699747,0.0478479,0.0978666,0.00223705,0.480377
316731757,0.0875032,0.105893,0.00163554,0.479871
316763746,0.145769,0.117182,0.00448261,0.477942
316795773,0.153724,0.101616,0.0345258,0.469237
316827755,0.142843,0.07963,0.102509,0.453628
316855778,0.122919,0.0884989,0.191126,0.435982
316887786,0.0921778,0.0856406,0.220073,0.432776
316919749,0.0571171,0.08761,0.232646,0.431833
316951751,0.0232212,0.070725,0.240691,0.432733
316983795,-0.00666058,0.0622768,0.239929,0.432752
317015782,-0.0269923,0.04398,0.254652,0.431727
317047749,-0.037066,0.0276525,0.276685,0.431198
317075747,-0.0372898,0.0173394,0.289838,0.431553
317107756,-0.0278402,0.00531628,0.300481,0.432181
317139751,-0.011052,-0.0786044,0.300837,0.43287
317171747,0.000556885,-0.160641,0.305102,0.43339
317203750,0.00412769,-0.225384,0.307705,0.434026
317235797,-0.00206792,-0.269599,0.293455,0.435014
317267750,0.0139447,-0.265951,0.274806,0.435272
317299945,0.0208331,-0.264607,0.200175,0.443734
317331954,0.00855129,-0.225283,0.168586,0.447539
317359750,-0.00720233,-0.176338,0.156615,0.448078
317391749,-0.0220987,-0.0443373,0.150694,0.448155
317423747,-0.025499,0.0720059,0.139913,0.448211
317455752,-0.0223569,0.170249,0.128808,0.448456
317487751,0.0243302,0.271286,0.117624,0.450535
317519939,0.0630905,0.278043,0.106237,0.451583
317551934,0.082613,0.247878,0.0958172,0.451913
317583755,0.0865803,0.194022,0.085406,0.451814
317611936,0.0878522,0.13383,0.076568,0.452038
317643948,0.0917803,0.0659564,0.0670345,0.461175
317675784,0.0945564,0.0185666,0.0579286,0.470693
317707747,0.107935,0.0405867,0.0495814,0.482061
317739827,0.0861786,0.0169608,0.0418454,0.482925
317771750,0.0419335,-0.00264103,0.0342139,0.482768
317803747,-0.00568364,-0.00671832,0.0278267,0.478229
317835785,-0.0148655,0.00770463,0.021408,0.467397
317863933,-0.0163718,0.0261387,0.000617978,0.442722
317895781,-0.0136376,0.0485619,-0.0295884,0.442508
317927750,-0.00415833,0.0679499,-0.0568762,0.444675
317959749,0.0118168,0.0806535,-0.0782472,0.44944
317991754,0.0294915,0.0834437,-0.0951681,0.451374
318023747,0.034485,0.0750748,-0.111714,0.457664
318055783,0.0181833,0.0567511,-0.133198,0.470738
318087802,-0.067413,0.0415956,-0.15942,0.492982
318115760,-0.0879752,0.0185902,-0.169503,0.496604
318147752,-0.0937082,-0.0173872,-0.17909,0.498626
318179775,-0.0926574,-0.0557732,-0.170791,0.498466
318211750,-0.0849415,-0.0747325,-0.170177,0.496362
318243754,-0.0724049,-0.128539,-0.212698,0.483787
318275749,-0.0482932,-0.16749,-0.269618,0.479049
318307750,-0.0220226,-0.182596,-0.320204,0.478509
318335755,-0.00600923,-0.17436,-0.347258,0.481289
318367937,0.0150013,-0.140821,-0.365951,0.481872
318399755,0.0308417,-0.104613,-0.405701,0.480706
318431752,0.0388109,-0.0648029,-0.436101,0.480855
318463747,0.0398732,-0.0340076,-0.461638,0.482826
318495815,0.0347094,-0.00942022,-0.476228,0.483286
318527775,0.027113,0.00742085,-0.466226,0.483146
318559752,0.0173143,0.0128727,-0.462446,0.483115
318591749,0.00748427,0.00890914,-0.449885,0.483133
318623756,-0.000860556,-0.00164343,-0.447105,0.483134
318655774,-0.0032788,-0.0169346,-0.419667,0.483132
318687751,0.00221698,-0.0324963,-0.392094,0.483132
318719749,0.00414888,-0.0455484,-0.335236,0.483133
318751747,0.00697209,-0.0526327,-0.295622,0.483133
318783770,-0.0290398,-0.0500578,-0.255959,0.483133
318811749,-0.08184,-0.0413473,-0.240233,0.483381
318843749,-0.146238,-0.0255826,-0.223621,0.484718
318875780,-0.157168,0.0152721,-0.20606,0.489037
318907747,-0.0975522,0.0648654,-0.189261,0.489505
318939752,-0.0307338,0.120325,-0.173287,0.489309
318971791,0.0544571,0.167503,-0.158094,0.489122
319003916,0.0873832,0.160788,-0.143492,0.489146
319035935,0.107603,0.143892,-0.129742,0.488321
319063747,0.120627,0.12607,-0.118309,0.487901
319095751,0.133561,0.0988847,-0.105233,0.488767
319127747,0.112576,0.0690287,-0.0931559,0.489218
319159750,0.0835151,0.0400512,-0.081199,0.489256
319191752,0.0546749,0.0147216,-0.0697089,0.489146
319223752,0.0320617,-0.00474084,-0.0589549,0.489148
319255772,0.019924,-0.0158512,-0.048449,0.489158
319287750,0.00948154,-0.0168906,-0.0385594,0.489157
319315750,0.00541946,-0.00857857,-0.0304537,0.489157
319347749,0.00521174,0.0103548,-0.021702,0.489157
319379747,0.0089581,0.0369435,-0.0137983,0.488161
319411747,0.0141521,0.0652831,-0.00640417,0.482204
319443755,0.0194007,0.089412,0.000123455,0.480622
319475778,0.023554,0.103288,0.00598653,0.480622
319507755,0.0254369,0.104677,0.0110826,0.48075
319539749,0.0201987,0.094887,0.0151189,0.480729
319567747,0.0137569,0.0772028,0.0185783,0.481217
319599752,-0.00717144,0.0503631,0.021719,0.482398
319631747,-0.079015,0.020951,0.0244185,0.483315
319663750,-0.101088,-0.012608,0.0270673,0.48318
319695749,-0.100414,-0.0968696,0.0283541,0.482619
319727756,-0.0910703,-0.143286,0.0305539,0.481204
319759751,-0.0769407,-0.166655,0.0323695,0.474189
319791752,-0.0552905,-0.142513,0.0345317,0.468483
319819752,-0.0294971,-0.10179,0.0364528,0.465533
319851749,0.0272685,0.00988224,0.0384366,0.466148
319883747,0.0662753,0.0808118,0.039867,0.46636
319915750,0.0971153,0.129596,0.0406781,0.466821
319947749,0.113168,0.149136,0.0403241,0.470105
319979796,0.106127,0.144251,0.0404257,0.472035
320011747,0.100434,0.100368,0.0394888,0.473734
320043749,0.0770656,0.0488413,0.0386217,0.473856
320071747,0.0518091,-0.0204405,0.0374003,0.475971
320103783,0.0237051,-0.0726534,0.0364364,0.479473
320135750,-0.00123102,-0.112863,0.0350736,0.482934
320167747,-0.0213952,-0.146995,0.0345286,0.485178
320199749,-0.0361727,-0.146491,0.0334259,0.486105
320231751,-0.0424458,-0.115518,0.0331254,0.487066
320263747,-0.0391902,-0.0203466,0.0328073,0.488885
320295755,-0.0289104,0.0415733,0.0325244,0.489285
320327750,-0.0154027,0.0874118,0.0315988,0.489418
320359750,-0.000603849,0.117669,0.0305789,0.490229
320391749,0.0111508,0.131398,0.0295738,0.499414
320423751,0.0188952,0.122109,0.0282697,0.506335
320455753,0.0224529,0.0967338,0.0266464,0.512592
320487752,0.02298,0.0601726,0.0255743,0.511675
320519749,0.0246819,0.0200305,0.0235309,0.508584
320551750,0.0214009,-0.017581,0.0225272,0.503593
320583749,0.0209645,-0.046735,0.020855,0.485472
320615747,0.0142742,-0.0632866,0.0196243,0.479947
320647749,0.00708078,-0.0736066,0.0187526,0.479154
320679939,0.00159517,-0.0897267,0.0174407,0.479532
320711747,0.00484518,-0.149553,0.0163423,0.479544
320743747,0.0083372,-0.141684,0.0156187,0.479513
320771751,0.0109981,-0.11571,0.0148579,0.479511
320803751,0.0131118,-0.0756729,0.0145236,0.479517
320835749,0.0303702,-0.0385327,0.013821,0.479519
320867750,0.0439602,-0.0116004,0.0127286,0.479767
320899752,0.1133,0.00177602,0.011465,0.480526
320931764,0.151564,0.0111553,0.00997747,0.477747
320963747,0.194725,0.0109681,0.00877941,0.471806
320995785,0.250166,0.00294994,0.00757037,0.464322
321027752,0.251267,-0.00775262,0.00665153,0.459346
321055776,0.183391,-0.0169523,0.00641781,0.459961
321087751,0.0933811,-0.0245096,0.0055689,0.460313
321119747,-0.0375903,-0.0274712,-0.0133007,0.460257
321151747,-0.101972,-0.0253504,-0.0313132,0.460231
321183784,-0.137831,-0.0186164,-0.0489378,0.460234
321215773,-0.152296,-0.00915322,-0.0797888,0.460242
321247747,-0.165288,0.00179321,-0.0980986,0.460241
321275990,-0.172878,0.0113467,-0.110405,0.460241
321307938,-0.171595,0.0204201,-0.125819,0.460241
321339940,-0.141816,0.0274138,-0.13987,0.460241
321371938,-0.110251,0.0313937,-0.160335,0.459992
321403748,-0.0722111,0.0324694,-0.19722,0.450349
321435783,-0.0356074,0.0305933,-0.217632,0.445291
321467750,-0.0146473,0.0298177,-0.237259,0.44396
321499747,-0.00530515,0.0743715,-0.257789,0.444563
321531785,-0.00250762,0.116399,-0.27332,0.444894
321559752,-0.00708733,0.149904,-0.285566,0.445942
321591755,-0.0200681,0.213123,-0.285256,0.450307
321623749,-0.0305703,0.270254,-0.274906,0.452577
321655749,-0.0373791,0.260767,-0.273075,0.45509
321687752,-0.0391577,0.233006,-0.277284,0.460585
321719941,-0.0343563,0.186777,-0.29053,0.474
321751750,-0.0209867,0.138046,-0.298397,0.479862
321779747,-0.00714943,0.0911834,-0.302812,0.483803
321811749,0.00652597,0.0381016,-0.303489,0.483364
321843749,0.0162785,-0.0439756,-0.290547,0.48307
321875781,0.024309,-0.0985682,-0.282826,0.483119
321907747,0.0258694,-0.168668,-0.25342,0.483138
321939777,0.0239469,-0.172613,-0.212199,0.483133
321971936,0.0176765,-0.152627,-0.167424,0.483132
322003934,0.0042422,-0.130668,-0.139971,0.483971
322031747,-0.00213685,-0.124179,-0.129294,0.484389
322063753,-0.00684569,-0.123697,-0.115431,0.484926
322095754,-0.00386403,-0.144657,-0.101454,0.486842
322127783,0.000404833,-0.11036,-0.087836,0.486921
322159943,0.00817965,-0.0794528,-0.0754709,0.486793
322191750,0.0506408,-0.0649439,-0.0639913,0.486732
322223750,0.12176,-0.0558248,-0.0533269,0.486496
322255775,0.247587,-0.0573451,-0.0437577,0.484653
322287755,0.290129,-0.057525,-0.0339893,0.484195
322315747,0.278977,-0.055737,-0.0255247,0.484323
322347749,0.199268,-0.047425,-0.0158275,0.484354
322379750,0.0954419,-0.0354254,-0.00633773,0.484098
322411748,0.00659859,-0.022211,0.00210921,0.481991
322443943,-0.0339708,-0.0106975,0.00993173,0.480946
322475960,-0.0632569,0.000396335,0.0172371,0.480618
322507942,-0.0778083,0.0104541,0.0236734,0.480468
322535747,-0.0752346,0.0153066,0.0291849,0.479474
322567747,-0.057273,0.0157146,0.0339562,0.479427
322599754,-0.0351241,0.0121882,0.0387431,0.479493
322631937,-0.0646008,-0.0421927,0.0429696,0.473093
322663937,-0.0882468,-0.11798,0.0468349,0.463448
322695752,-0.106977,-0.264903,0.049976,0.445373
322727778,-0.0856048,-0.274207,0.0526958,0.443284
322759752,-0.0725744,-0.248228,0.0556891,0.445685
322791752,-0.0636653,-0.213226,0.0583824,0.446805
322819758,-0.0557438,-0.16896,0.0605335,0.447175
322851943,-0.0522692,-0.110015,0.0631002,0.447239
322883756,-0.0483119,-0.04971,0.0651939,0.447807
322915752,-0.0414564,-0.00166207,0.0667569,0.448735
322947753,-0.033141,-0.00698478,0.0681268,0.45157
322979752,-0.0260747,-0.00911709,0.0685557,0.452032
323011752,-0.0194119,-0.0332178,0.0684619,0.451811
323039747,-0.0193309,-0.0233366,0.0687205,0.451783
323071750,-0.0524631,0.00728043,0.0696952,0.451798
323103749,-0.272982,0.175185,0.075914,0.452058
323135778,-0.382079,0.261124,0.0783385,0.453891
323167750,-0.452533,0.318726,0.0794556,0.466842
323199942,-0.407064,0.286998,0.0774683,0.471834
323231936,-0.321465,0.24982,0.0745517,0.472441
323263934,-0.099817,0.215937,0.0696942,0.469521
323291747,0.0537683,0.174966,0.0668123,0.46929
323323750,0.19658,0.123088,0.0641438,0.469732
323355781,0.348403,0.073967,0.0616893,0.469931
323387752,0.378103,0.0296121,0.0609718,0.469887
323419753,0.354123,-0.00460064,0.0603666,0.469875
323451938,0.301027,-0.0266245,0.0596117,0.469879
323483753,0.217603,-0.0347278,0.0589325,0.469631
323515773,0.0545189,-0.0311338,0.0587517,0.468623
323543941,-0.0808567,-0.0196895,0.0582905,0.468584
323575777,-0.227846,-0.000455906,0.0577556,0.469522
323607757,-0.293916,0.021921,0.054388,0.469939
323639747,-0.316924,0.042307,0.0377231,0.469902
323671749,-0.280544,0.0569004,0.0315497,0.46987
323703749,-0.195071,0.0639436,0.0240343,0.469878
323735778,-0.102611,0.0624345,0.0149705,0.469881
323767753,-0.00049866,0.0538456,-0.000140095,0.46988
323795774,0.103665,0.0445042,-0.0434318,0.469879
323827750,0.172975,0.0290583,-0.0707419,0.469879
323859749,0.200489,0.0144015,-0.116963,0.469631
323891747,0.187684,0.000867731,-0.15394,0.469041
323923750,0.143431,-0.0101233,-0.184329,0.468623
323955781,0.0782915,-0.0167062,-0.205083,0.468651
323987747,0.0077598,-0.0189469,-0.220545,0.468684
324019750,-0.0589943,-0.0168683,-0.234129,0.468676
324047749,-0.106057,-0.013056,-0.246024,0.468674
324079750,-0.137886,-0.0070725,-0.259295,0.468674
324111749,-0.138261,-0.000253098,-0.268005,0.468675
324143747,-0.115703,0.00732706,-0.278132,0.468924
324175747,-0.0682537,0.0147461,-0.286913,0.469931
324207750,-0.0261732,0.0220947,-0.298413,0.46997
324239747,0.0142149,0.0288694,-0.312109,0.469032
324271755,0.0489916,0.0330811,-0.324359,0.468615
324299750,0.0695652,0.035253,-0.336974,0.468583
324331782,0.0818411,0.0346372,-0.35113,0.468684
324363751,0.0838209,0.0312708,-0.359266,0.468683
324395750,0.0721518,0.0252223,-0.366144,0.468676
324427775,0.0446584,0.0178404,-0.371554,0.468674
324459782,0.00992445,0.00860001,-0.373436,0.468675
324491749,-0.0318502,-0.00153192,-0.345146,0.468675
324523749,-0.058656,-0.0113271,-0.322818,0.468924
324555969,-0.0762584,-0.0185011,-0.30734,0.469513
324587933,-0.0872695,-0.0224754,-0.293804,0.46997
324619750,-0.0844023,-0.0248907,-0.276424,0.469903
324651749,-0.0742131,-0.0275386,-0.213175,0.469872
324683751,-0.0542584,-0.0271597,-0.180671,0.470719
324715774,-0.0348905,-0.0209006,-0.166989,0.471137
324747752,-0.0173372,-0.0138477,-0.152485,0.471175
324775960,-0.00439338,-0.00762378,-0.13881,0.471075
324807752,0.00320865,-0.00310616,-0.124285,0.471076
324839747,0.00860193,-0.0320536,-0.110891,0.471085
324871750,0.025882,-0.0705168,-0.0983458,0.471085
324903751,0.0915951,-0.121291,-0.0866889,0.471084
324935780,0.0949998,-0.125165,-0.0746105,0.471084
324967751,0.0791198,-0.1354,-0.0631376,0.471084
324999752,0.062617,-0.127442,-0.0520129,0.471084
325031752,0.0462595,-0.109259,-0.0413548,0.471084
325059753,0.0311069,-0.0877057,-0.0326599,0.471084
325091750,0.0156402,-0.0655755,-0.0229187,0.471084
325123749,0.00443941,-0.0542523,-0.0143169,0.471084
325155779,-0.0017313,-0.0367054,-0.00644633,0.471084
325187755,-0.00399343,-0.0298115,0.00111577,0.471084
325219747,-0.00273466,-0.0501145,0.00701711,0.471084
325251749,0.000446683,-0.0577338,0.0131802,0.471084
325279750,0.00251258,-0.0645675,0.0178452,0.471084
325311752,0.00492953,-0.0652193,0.022457,0.471923
325343747,0.00715941,-0.0680635,0.0272377,0.472341
325375750,0.00556568,-0.0683105,0.031124,0.47238
325407750,0.0043653,-0.0641497,0.0347331,0.47228
325439795,-0.000839391,-0.0571269,0.0384421,0.472281
325471747,-0.00969751,-0.052533,0.041094,0.47229
325503752,-0.0186349,-0.0406625,0.0437703,0.47229
325531782,-0.0254854,-0.0301646,0.0460551,0.472289
325564582,-0.0311289,-0.0210202,0.0474275,0.472289
325596624,-0.0333993,-0.015573,0.0490378,0.472289
325628574,-0.0326502,-0.016219,0.0497712,0.472289
325660561,-0.0298892,-0.0230508,0.0500716,0.472289
325692547,-0.0256421,-0.0314738,0.0503666,0.472289
325724556,-0.0218881,-0.0391695,0.0497351,0.472289
325752559,-0.0190957,-0.0501001,0.0494318,0.471451
325784588,-0.0178954,-0.0545729,0.0490596,0.471032
325816631,-0.0190088,-0.0558057,0.048173,0.471061
325848555,-0.0221601,-0.0543187,0.0473339,0.471093
325880552,-0.0321354,-0.0512111,0.0466621,0.471085
325912558,-0.0388189,-0.0462556,0.0452922,0.471083
325944587,-0.0420041,-0.0407292,0.0443663,0.471084
325976554,-0.0379014,-0.0361489,0.042812,0.471084
326004563,-0.0363347,-0.0339985,0.041417,0.471084
326036624,-0.0349388,-0.0333051,0.0401078,0.471084
326068558,-0.0292837,-0.0348575,0.038405,0.471084
326100549,-0.0231471,-0.0389613,0.0365216,0.471084
326132558,-0.0186909,-0.0433869,0.0348079,0.471084
326164589,-0.0156907,-0.0478387,0.0329836,0.471084
326196620,-0.0146694,-0.0509004,0.0309477,0.471084
326228574,-0.0157278,-0.0520496,0.0293046,0.471084
326256608,-0.0173014,-0.0512233,0.0277741,0.471084
326288575,-0.0196467,-0.046889,0.0255598,0.471084
326320558,-0.0221331,-0.0382649,0.0236686,0.471084
326352552,-0.0236414,-0.0260264,0.0218064,0.471084
326384551,-0.024154,-0.0246133,0.0195245,0.471084
326416624,-0.0230862,-0.0253245,0.0171679,0.471084
326448547,-0.0205277,-0.0264606,0.0149661,0.471084
326480555,-0.0167003,-0.0288115,0.0127561,0.471084
326508557,-0.013661,-0.0322966,0.0105936,0.471084
326540551,-0.00986189,-0.0365854,0.00843217,0.471084
326572550,-0.0066713,-0.033897,0.00653872,0.471084
326604584,-0.00499846,-0.0330691,0.00414591,0.471084
326636625,-0.00510743,-0.0382454,0.0019944,0.471084
326668549,-0.00676123,-0.039531,5.71412e-05,0.471084
326700550,-0.0111467,-0.0402596,-0.0021205,0.471084
326732554,-0.0216763,-0.0464197,-0.00419855,0.471084
326760555,-0.0251045,-0.0548577,-0.00583047,0.471084
326792550,-0.0280047,-0.0715814,-0.00797294,0.471084
326824553,-0.0294936,-0.108262,-0.0103855,0.471084
326856619,-0.0294385,-0.113438,-0.0126774,0.471084
326888586,-0.0283959,-0.107214,-0.0148463,0.471084
326920551,-0.026048,-0.0950706,-0.0168274,0.471084
326952550,-0.0247218,-0.0815651,-0.0189291,0.471084
326984596,-0.0238425,-0.0548489,-0.0203375,0.471084
327012553,-0.0242952,-0.0307052,-0.0218378,0.471084
327044550,-0.025896,-0.00791986,-0.0230891,0.471084
327076625,-0.0279826,0.00369845,-0.0247657,0.471084
327108552,-0.0305201,0.00390493,-0.0260334,0.471084
327140549,-0.0322206,-0.00141565,-0.0273473,0.471084
327172551,-0.0328317,-0.0113996,-0.0287322,0.471084
327204577,-0.032032,-0.0253379,-0.0297845,0.471084
327236631,-0.0307394,-0.0408108,-0.0307397,0.471084
327264581,-0.0291664,-0.0529412,-0.0315029,0.471084
327296552,-0.0271723,-0.0615712,-0.03278,0.471084
327328551,-0.0250185,-0.00547651,-0.0324683,0.471084
327360549,-0.0236111,0.0542368,-0.0328465,0.471084
327392549,-0.022668,0.153388,-0.0323934,0.471084
327424564,-0.0232229,0.175088,-0.0326939,0.471084
327456554,-0.0247833,0.19234,-0.0327033,0.471084
327488579,-0.0263071,0.182158,-0.0331848,0.471084
327516629,-0.0268657,0.156465,-0.0334817,0.471084
327548547,-0.0268306,0.112415,-0.0337445,0.471084
327580551,-0.0267166,0.0652389,-0.0343728,0.471084
327612547,-0.027423,0.0178728,-0.0346447,0.471084
327644550,-0.0275201,-0.0248913,-0.0351759,0.471084
327676627,-0.0246621,-0.0564814,-0.0353091,0.471084
327708547,-0.0123844,-0.0712188,-0.0351572,0.471084
327740556,-0.0121473,-0.0766199,-0.0345544,0.471084
327768562,-0.0139815,-0.0434333,-0.0337057,0.471084
327800553,-0.014975,0.00080513,-0.0322293,0.471084
327832560,-0.0166507,0.0675004,-0.03055,0.471084
327864553,-0.0179764,0.09265,-0.0289732,0.471084
327896625,-0.0187005,0.101727,-0.0276268,0.471084
327928587,-0.0191722,0.0959735,-0.0259702,0.471084
327960550,-0.0185332,0.0868825,-0.0245735,0.471084
327992559,-0.0146733,0.136869,-0.0225157,0.471084
328020580,-0.00933571,0.155211,-0.0209129,0.471084
328052557,-0.0063854,0.148591,-0.0193849,0.471084
328084580,-0.0128385,0.0936458,-0.0180206,0.471084
328116551,-0.0174916,0.0301798,-0.017031,0.471084
328148547,-0.0212996,-0.0285497,-0.0153984,0.471084
328180552,-0.0240769,-0.0551569,-0.0138747,0.471084
328212547,-0.0272961,-0.0644061,-0.0116088,0.471084
328244553,-0.0306986,-0.0598469,-0.00956652,0.471084
328272556,-0.0351143,-0.0466882,-0.00703836,0.471084
328304575,-0.0430191,-0.0145898,-0.00442099,0.471084
328336613,-0.0424726,0.0186131,-0.00165445,0.471084
328368547,-0.0381265,0.0672736,0.00134861,0.471084
328400552,-0.0318214,0.0924537,0.0036609,0.471084
328432549,-0.0247591,0.100587,0.00616747,0.471084
328464582,-0.0242892,0.0949543,0.00817552,0.471084
328496626,-0.0799778,0.0787969,0.00964286,0.471084
328524553,-0.126263,0.0586738,0.0107457,0.471084
328556628,-0.174495,0.0327669,0.0117135,0.471084
328588549,-0.275779,0.00798824,0.0119337,0.471084
328620550,-0.297709,-0.0123032,0.0123764,0.471084
328652549,-0.300347,-0.0352055,0.0129481,0.471084
328684583,-0.26982,-0.0536387,0.0135926,0.471084
328716627,-0.227269,-0.059785,0.0140652,0.471084
328748554,-0.174909,-0.0459049,0.0150002,0.471084
328776625,-0.127607,-0.0251295,0.016034,0.471084
328808550,-0.0792541,0.0010748,0.0172775,0.471084
328840549,-0.041456,0.0274806,0.0182928,0.471084
328872550,-0.0164605,0.0505251,0.019689,0.471084
328904573,-0.00764602,0.0661506,0.0204043,0.471084
328936554,-0.0138819,0.0715398,0.0215099,0.471084
328968553,-0.0241927,0.0671441,0.0221401,0.471084
329000556,-0.0406399,0.0546824,0.0224153,0.471084
329028559,-0.0515377,0.0384926,0.0226452,0.471084
329060547,-0.0495754,0.018886,0.0226198,0.471084
329092554,-0.0359266,0.00129143,0.0223422,0.471084
329124549,-0.015176,-0.0112142,0.0221202,0.471084
329156620,-0.00536292,-0.0160555,0.0218673,0.471084
329188552,0.00603429,-0.012889,0.0214955,0.471084
329220547,0.0140444,-0.00411195,0.021707,0.471084
329252556,0.0124377,0.00653911,0.0217111,0.471084
329280553,0.00129082,0.0121651,0.0216396,0.471084
329312547,-0.00697588,0.0243884,0.021886,0.471084
329344580,-0.0185337,0.0344459,0.0219804,0.471084
329376619,-0.0329949,0.0375169,0.0218188,0.471084
329408549,-0.0445087,0.0344653,0.0216295,0.471084
329440549,-0.0487939,0.0277053,0.0209742,0.471084
329472549,-0.0494354,0.0178169,0.0201767,0.471084
329504558,-0.0458757,0.00949395,0.0194713,0.471084
329532590,-0.0392161,0.00304558,0.0186044,0.471084
329564547,-0.0226743,-0.00342352,0.0174428,0.471084
329596549,-0.007374,-0.00823845,0.016473,0.471084
329628575,0.00196998,-0.00744558,0.0157323,0.471084
329660547,0.00510999,0.0013203,0.0146001,0.471084
329692552,0.0113946,0.0127735,0.0139921,0.471084
329724547,0.0421288,0.0204379,0.0131099,0.471084
329756629,0.0410147,0.0300405,0.0119484,0.471084
329784555,0.0352707,0.0381485,0.0111367,0.471084
329816618,0.0701637,0.0450833,0.0100211,0.471084
329848552,0.130728,0.0464959,0.00869683,0.471084
329880547,0.240384,0.0424725,0.00748044,0.471084
329912547,0.229554,0.0298161,0.00592615,0.471084
329944551,0.196328,0.00796021,0.00432206,0.471084
329976549,0.157969,0.00274277,0.00268979,0.471084
330008555,0.118547,0.00547985,0.00148586,0.471084
330036626,0.0778437,0.016685,0.000294626,0.471084
330068555,0.0296745,0.033207,-0.00166968,0.471084
330100554,-0.00866778,0.05289,-0.00285666,0.471084
330132550,-0.0286198,0.065042,-0.00485116,0.471084
330164548,-0.0362556,0.0739978,-0.00651869,0.471084
330196625,-0.0349385,0.0766816,-0.00857301,0.471084
330228547,-0.0242962,0.0751079,-0.0105551,0.471084
330260553,-0.00988532,0.0681731,-0.0123433,0.471084
330288585,0.00311244,0.0569708,-0.0139235,0.471084
330320558,0.0135819,0.0372132,-0.015568,0.471084
330352561,0.0167002,0.0188026,-0.0172435,0.471084
330384579,0.0102765,0.000497612,-0.0184851,0.471084
330416620,-0.00763993,-0.0129726,-0.0199382,0.471084
330448549,-0.0236513,-0.00900039,-0.0208544,0.471084
330480550,-0.0402027,0.000191661,-0.0216874,0.471084
330512555,-0.0536195,0.00954041,-0.0224713,0.471084
330540553,-0.0611328,0.0144209,-0.0234114,0.471084
330572550,-0.0636738,0.0243676,-0.0243094,0.471084
330604584,-0.059598,0.0477099,-0.0247608,0.471084
330636622,-0.051471,0.0596542,-0.0262137,0.471084
330668550,-0.0399747,0.0684489,-0.0267884,0.471084
330700552,-0.0278431,0.0717233,-0.027782,0.471084
330732550,-0.0178502,0.0699081,-0.0288066,0.471084
330764553,-0.0116121,0.0645406,-0.0293473,0.471582
330792555,-0.0106515,0.059161,-0.0300669,0.474753
330824550,-0.0125732,0.0511523,-0.0309757,0.480307
330856627,-0.018756,0.0253696,-0.0317339,0.483906
330888580,-0.0258468,0.00872517,-0.0323378,0.483302
330920547,-0.0326184,0.00292108,-0.0331453,0.483066
330952549,-0.0382538,0.00673602,-0.0335842,0.483126
330984549,-0.0414483,0.0135423,-0.0344134,0.482894
331016627,-0.0411575,0.023305,-0.0347867,0.481876
331044553,-0.0384277,0.0340262,-0.0355564,0.481836
331076628,-0.032589,0.0467127,-0.036003,0.481904
331108549,-0.0254412,0.0576727,-0.0367644,0.481936
331140547,-0.0177076,0.0690583,-0.0375885,0.481929
331172550,-0.0115012,0.0812004,-0.0383327,0.481927
331204553,-0.00751956,0.093521,-0.0394567,0.481928
331236625,-0.00594503,0.0950909,-0.0404038,0.481928
331268553,-0.00663131,0.104331,-0.0418426,0.481928
331296639,-0.00850471,0.108559,-0.0431083,0.481928
331328556,-0.0118841,0.105656,-0.0448964,0.481928
331360560,-0.0157204,0.0967306,-0.0466117,0.481928
331392553,-0.0191633,0.0853067,-0.0487183,0.482766
331424584,-0.022061,0.0699324,-0.0506275,0.483184
331456554,-0.0232307,0.0498827,-0.0527585,0.483156
331488556,-0.0223165,0.0375761,-0.0547385,0.483123
331520565,-0.0195888,0.025798,-0.0573061,0.483125
331548553,-0.0178436,0.0232056,-0.0590572,0.483134
331580550,-0.0164182,0.0307677,-0.0611212,0.483133
331612576,-0.0140649,0.0396059,-0.063475,0.483132
331644559,-0.00880087,0.0504456,-0.0656836,0.483133
331676650,-0.00358855,0.0608359,-0.0678843,0.483133
331708582,0.000559359,0.0701989,-0.0701579,0.483133
331740574,0.00266508,0.0505488,-0.0725676,0.483133
331772553,0.0043659,0.0256033,-0.0746974,0.483133
331800556,0.00510174,0.00267626,-0.0767646,0.483133
331832547,0.00613568,-0.0139265,-0.0786804,0.483133
331864557,0.0066937,-0.0103446,-0.0808159,0.483133
331896654,0.00724438,-0.00765476,-0.082255,0.483133
331928555,0.00796162,-0.0196321,-0.0844188,0.483133
331960552,0.00874562,-0.0162057,-0.0858331,0.483133
331992547,0.0100186,-0.0061526,-0.0873666,0.483133
332024558,0.0110597,0.00401571,-0.0882951,0.483133
332052564,0.0120968,0.0111667,-0.089408,0.483133
332084556,0.0136796,0.023362,-0.0902846,0.483133
332116637,0.0156961,0.0378204,-0.0911827,0.483133
332148547,0.016811,0.0443171,-0.0918017,0.483133
332180554,0.0176251,0.0512903,-0.0927049,0.483133
332212549,0.0185125,0.0584758,-0.0932135,0.483133
332244550,0.0186381,0.0618708,-0.0938475,0.482884
332276627,0.0196484,0.0584104,-0.0941969,0.481876
332304590,0.0204947,0.0577905,-0.0947647,0.481837
332336604,0.0224187,0.0540114,-0.0950465,0.481904
332368549,0.0235159,0.030139,-0.0955027,0.481687
332400550,0.0249284,0.0106283,-0.0957204,0.48109
332432547,0.0250502,-0.0444767,-0.0964532,0.480631
332464554,0.0256957,-0.0646992,-0.0961622,0.480699
332496619,0.0269636,-0.0675985,-0.0958605,0.480731
332528596,0.029024,-0.0539364,-0.0948558,0.480724
332560554,0.0312674,-0.0385925,-0.0940502,0.480722
332592549,0.0349028,-0.0366248,-0.0928504,0.480723
332624581,0.0407728,-0.0390769,-0.0918398,0.480723
332656631,0.0454764,-0.0768996,-0.0909494,0.480723
332688580,0.0475264,-0.075203,-0.0895028,0.480723
332720549,0.0494989,-0.060031,-0.0873885,0.480723
332752557,0.0517926,-0.0477638,-0.0854606,0.480723
332780558,0.0526753,-0.0524171,-0.0836336,0.480723
332812549,0.0527677,-0.0746712,-0.0816552,0.480723
332844572,0.0526938,-0.0695449,-0.0794094,0.480723
332876628,0.0526779,-0.0595105,-0.0766182,0.480723
332908551,0.053034,-0.0484209,-0.0742442,0.480723
332940547,0.0538485,-0.0357619,-0.0713767,0.480723
332972550,0.0548022,-0.0371478,-0.0687618,0.480723
333004555,0.0568226,-0.0269803,-0.0656254,0.480723
333032559,0.0581984,-0.018631,-0.0632844,0.480723
333064581,0.059017,-0.0177555,-0.0602997,0.480723
333096626,0.060038,-0.00939302,-0.0571644,0.480723
333128547,0.0586612,-2.42197e-05,-0.0538254,0.480723
333160553,0.0570106,0.0062301,-0.0507238,0.480723
333192547,0.0601317,0.00919381,-0.0472016,0.480723
333224581,0.0604913,0.0069952,-0.043905,0.480723
333256639,0.0581734,0.00127087,-0.0405269,0.480723
333284553,0.0517171,-0.013491,-0.0371251,0.480723
333316628,0.0508681,-0.0190245,-0.0337945,0.480723
333348547,0.0514891,-0.0206193,-0.0297773,0.480723
333380587,0.0520312,-0.0187153,-0.026263,0.480723
333412556,0.0527455,-0.0248624,-0.0223902,0.480972
333444554,0.0530555,-0.0316028,-0.0185571,0.481562
333476626,0.0530661,-0.0325245,-0.0147286,0.48118
333508587,0.0526452,-0.0252189,-0.0110793,0.480694
333536630,0.0516294,-0.0182872,-0.00770633,0.480623
333568554,0.0499747,-0.0104616,-0.00360954,0.480731
333600555,0.0482843,-0.00282111,-0.000135437,0.480732
333632553,0.0465524,0.00177426,0.00379388,0.481312
333664558,0.0444837,0.00212479,0.00729486,0.48114
333696629,0.0432568,0.000637579,0.0104651,0.480656
333728573,0.0424744,0.000633906,0.0140467,0.480939
333760555,0.0418364,-0.00239732,0.0169529,0.481986
333788554,0.0413982,-0.00955612,0.0196136,0.482021
333820552,0.0416212,-0.0190654,0.0226729,0.481951
333852547,0.0414984,-0.0284479,0.0254603,0.48192
333884555,0.0415626,-0.027394,0.0282548,0.481927
333916621,0.0408916,-0.0280982,0.0306821,0.481928
333948547,0.0398341,-0.0233836,0.0333484,0.481679
333980550,0.0384822,-0.0190173,0.0356001,0.481089
334012555,0.0364725,-0.0146617,0.0379181,0.481471
334040555,0.0326703,-0.00886673,0.0401307,0.481956
334072565,0.0256477,-0.00456884,0.0422676,0.482028
334104572,0.00544816,7.73036e-05,0.0449498,0.481081
334136547,-0.0145309,0.00654302,0.0477904,0.480662
334168549,-0.0855471,0.0232659,0.0521213,0.480701
334200547,-0.12524,0.03804,0.0556921,0.480733
334232562,-0.15577,0.0510212,0.058551,0.480731
334264588,-0.203208,0.066071,0.0619176,0.480722
334292556,-0.199203,0.0634044,0.0633058,0.480722
334324549,-0.161378,0.0530222,0.0637781,0.480723
334356619,-0.111162,0.0432892,0.0637218,0.480723
334388549,-0.0591477,0.0377223,0.0639173,0.480723
334420550,-0.0144069,0.0237979,0.0638047,0.480723
334452553,0.0251869,0.0112534,0.0632553,0.480723
334484547,0.0818417,-0.00326047,0.0622244,0.476216
334516631,0.100073,-0.014582,0.0611799,0.469497
334544579,0.0953224,-0.0253898,0.0606426,0.461566
334576626,0.0796897,-0.0312367,0.0603509,0.460987
334608555,0.0601004,-0.0393451,0.0594181,0.46175
334640552,0.0567592,-0.0520328,0.0577149,0.462824
334672551,0.0486166,-0.058416,0.0563507,0.462716
334704549,0.0663686,-0.0661979,0.053778,0.462634
334736619,0.0728107,-0.0666977,0.0516684,0.462895
334768560,0.0818191,-0.0641329,0.0494931,0.463491
334796630,0.0890714,-0.0593237,0.0474064,0.463946
334828552,0.0920591,-0.0543679,0.0451907,0.464128
334860547,0.096688,-0.0479332,0.0425665,0.465104
334892549,0.0967821,-0.0342208,0.0399428,0.46515
334924552,0.103396,0.00442219,0.0373242,0.465052
334956618,0.0847333,0.0165689,0.0345045,0.465052
334988574,0.0603872,0.0165958,0.0315002,0.472333
335020555,0.0378836,0.0127877,0.0283681,0.480149
335048558,0.0200336,0.00974026,0.0252865,0.484145
335080549,0.0036225,0.00789461,0.0216055,0.483288
335112550,-0.00747063,-0.00314519,0.0177211,0.483002
335144575,-0.0111712,-0.00841092,0.0139049,0.483129
335176628,-0.00653041,-0.0156218,0.00910951,0.483147
335208563,0.00502799,-0.0131634,0.00475875,0.483132
335240546,0.00901171,-0.0222665,-0.00010096,0.483131
335272558,0.0124236,-0.0318118,-0.00445991,0.483132
335300553,0.0187599,-0.039056,-0.00865547,0.483133
335332554,0.0201908,-0.0453961,-0.0135689,0.483133
335364547,0.0157682,-0.0521645,-0.0180927,0.483133
335396626,0.00793692,-0.0615049,-0.0227131,0.483133
335428581,-0.0016771,-0.0698865,-0.0273889,0.483133
335460550,-0.0117563,-0.0776683,-0.0320607,0.483133
335492549,-0.0213608,-0.0943926,-0.0369199,0.483133
335524560,-0.0294234,-0.0976906,-0.0410453,0.483133
335552555,-0.0350874,-0.096922,-0.0453544,0.483133
335584584,-0.036958,-0.0949827,-0.049905,0.483133
335616552,-0.0324058,-0.0903915,-0.0546643,0.483133
335648547,-0.0322865,-0.0831132,-0.0584621,0.483133
335680553,-0.0318321,-0.0754392,-0.0631603,0.483133
335712547,-0.0310364,-0.0698474,-0.0668694,0.483133
335744550,-0.0304019,-0.0696607,-0.0708039,0.483133
335776636,-0.0309862,-0.0785298,-0.0746819,0.483133
335808553,-0.0317213,-0.0841469,-0.0778328,0.483133
335841353,-0.0342328,-0.0900631,-0.0818752,0.483133
335873355,-0.0377995,-0.0954686,-0.0843325,0.483133
335905381,-0.0410344,-0.104467,-0.0873208,0.483133
335937362,-0.044087,-0.123849,-0.089859,0.483133
335965351,-0.0471038,-0.129336,-0.0916798,0.483133
335997353,-0.0512664,-0.135754,-0.0936918,0.483133
336029370,-0.0558379,-0.154904,-0.0947072,0.483133
336061352,-0.0583221,-0.156732,-0.0964109,0.483133
336093347,-0.0584877,-0.151854,-0.096708,0.483133
336125394,-0.0565744,-0.144223,-0.0972655,0.483133
336157365,-0.0579191,-0.135262,-0.0978211,0.483133
336189377,-0.0624984,-0.118497,-0.0966018,0.483133
336217376,-0.0595756,-0.104167,-0.0971603,0.483133
336249393,-0.0593503,-0.0945616,-0.0953281,0.483133
336281350,-0.0734725,-0.0762125,-0.0944278,0.483133
336313352,-0.0934861,-0.0580231,-0.0924076,0.483133
336345347,-0.148835,-0.0265252,-0.0885572,0.483133
336377395,-0.171594,-0.0148855,-0.0864047,0.483133
336409351,-0.205704,-0.002118,-0.0828834,0.483133
336441358,-0.208097,-0.0132328,-0.0804277,0.483133
336469352,-0.196943,-0.0268464,-0.0782823,0.483133
336501351,-0.165323,-0.0428774,-0.0758813,0.483133
336533379,-0.133242,-0.0643299,-0.0735832,0.483133
336565384,-0.0975577,-0.0870026,-0.0700039,0.483133
336597378,-0.0486195,-0.106513,-0.0676652,0.483133
336629386,-0.0147199,-0.118743,-0.0636294,0.483133
336661356,0.0181365,-0.126585,-0.0590775,0.483133
336693352,0.0368801,-0.136024,-0.055009,0.483133
336721376,0.0812928,-0.16192,-0.0511578,0.483133
336753360,0.0979369,-0.16853,-0.0464054,0.483133
336785381,0.113277,-0.186842,-0.0408128,0.483133
336817349,0.10474,-0.190679,-0.0352211,0.483133
336849362,0.0903695,-0.193435,-0.0285415,0.483133
336881389,0.0714901,-0.196504,-0.0223306,0.482884
336913355,0.0538551,-0.193695,-0.0155875,0.482294
336945383,0.0419305,-0.187877,-0.00928517,0.481837
336977386,0.0353726,-0.18235,-0.00266759,0.481904
337009353,0.0335157,-0.175773,0.00282746,0.481937
337041351,0.0354369,-0.166309,0.00926299,0.481929
337073353,0.0394651,-0.152114,0.0149764,0.481927
337105375,0.0455666,-0.119625,0.021162,0.481928
337137380,0.0526548,-0.0931016,0.0265097,0.481928
337169350,0.0612784,-0.0452033,0.0325073,0.481928
337197373,0.0584862,-0.0307511,0.0371478,0.481928
337229353,0.0509114,-0.0291763,0.0417488,0.481928
337261349,0.0407887,-0.0201312,0.0467913,0.481928
337293352,0.0290008,-0.0241533,0.0508312,0.481928
337325384,0.0179228,-0.0510069,0.054469,0.481928
337357373,0.00957786,-0.0763714,0.0574798,0.481928
337389349,0.000593336,-0.107969,0.0607761,0.481928
337421349,-0.0102992,-0.132094,0.0627074,0.481679
337449347,-0.0182814,-0.154209,0.0647961,0.480591
337481351,-0.0313973,-0.187867,0.0667166,0.456996
337513377,-0.041028,-0.186505,0.0685267,0.444344
337545387,-0.0465037,-0.170086,0.0697966,0.441562
337577381,-0.0489952,-0.127436,0.0713446,0.444682
337609352,-0.049765,-0.0863886,0.0727733,0.445124
337641347,-0.0546898,-0.013119,0.0740528,0.446649
337673354,-0.0541228,0.0338735,0.0749833,0.447104
337701349,-0.0513505,0.0631385,0.0754205,0.447097
337733349,-0.0419489,0.0981949,0.0758462,0.446973
337765375,-0.0351358,0.119199,0.0760438,0.446979
337797375,-0.032982,0.197343,0.0763348,0.44699
337829351,-0.0311107,0.210151,0.0762649,0.446989
337861368,-0.0301183,0.19533,0.0758872,0.446988
337893353,-0.02871,0.149436,0.0747493,0.446988
337925353,-0.0281243,0.101646,0.0740389,0.446988
337957376,-0.0271295,0.0528832,0.0730723,0.446988
337985355,-0.0263798,0.0143798,0.0720744,0.446988
338017347,-0.0265645,-0.0218664,0.0710552,0.446988
338049352,-0.0271302,-0.0454528,0.0699442,0.447237
338081354,-0.022766,-0.0499983,0.0690963,0.448245
338113388,-0.0206589,-0.0406992,0.0684363,0.448284
338145347,-0.0217303,-0.000131748,0.0676882,0.448184
338177352,-0.0219025,0.0166618,0.0667721,0.448185
338205349,-0.0218797,0.0302705,0.0657711,0.448192
338237351,-0.0228778,0.0928722,0.0649806,0.448442
338269381,-0.0234109,0.118003,0.0637928,0.450288
338301349,-0.0241809,0.10638,0.0618461,0.450994
338333386,-0.0254444,0.0864634,0.0599495,0.451555
338365349,-0.0264289,0.0617888,0.0580166,0.451881
338397356,-0.0281947,0.0367422,0.0554484,0.451822
338429349,-0.03032,0.0295792,0.0532201,0.451801
338457377,-0.0317564,0.0214141,0.0513203,0.452056
338489357,-0.0332965,0.0202071,0.0490555,0.452647
338521385,-0.0350396,0.0565655,0.047676,0.455186
338553384,-0.0353898,0.0594876,0.0456049,0.459978
338585354,-0.0340921,0.0542445,0.0438394,0.472103
338617362,-0.0322221,0.0511915,0.0422041,0.475075
338649351,-0.028889,0.0513558,0.0409125,0.477223
338681359,-0.0234387,0.051836,0.0394964,0.478545
338709347,-0.0179687,0.0714895,0.0387907,0.48176
338741351,-0.0108633,0.0935789,0.0384561,0.482671
338773359,-0.00383913,0.113227,0.0381428,0.484226
338805349,0.00228215,0.124875,0.0379748,0.487007
338837354,0.00704807,0.111991,0.0378313,0.486967
338869374,0.009651,0.102943,0.0377924,0.486964
338901353,0.0101928,0.0866724,0.037686,0.487817
338933351,0.00867636,0.0624559,0.0378689,0.489303
338961349,0.00496271,0.0375977,0.0377954,0.489272
338993353,-0.000111542,0.0117651,0.0376197,0.489171
339025375,-0.00636253,-0.00610578,0.0376127,0.489147
339057351,-0.0123778,-0.0153225,0.0377749,0.489157
339089351,-0.0170329,-0.029559,0.0378472,0.489157
339121351,-0.0198162,-0.0355216,0.0380745,0.489157
339153375,-0.0143919,-0.0387427,0.0384995,0.48723
339185351,-0.00368499,-0.0372596,0.038667,0.485556
339213384,0.0170424,-0.042077,0.0390978,0.484221
339245352,0.0854029,-0.0622297,0.0396298,0.482985
339277350,0.121264,-0.0606866,0.040201,0.482794
339309349,0.147335,-0.0578213,0.0403852,0.48229
339341351,0.208747,-0.0621679,0.0414552,0.481844
339373382,0.208144,-0.0669944,0.0414643,0.481904
339405347,0.181814,-0.0750818,0.041808,0.481935
339437358,0.150686,-0.0780657,0.0419975,0.481929
339465359,0.155204,-0.0972351,0.0427656,0.481927
339497351,0.138782,-0.0981753,0.0435733,0.481928
339529373,0.136862,-0.103485,0.0439432,0.481928
339561374,0.110461,-0.0901478,0.0444489,0.481928
339593354,0.0804849,-0.0708646,0.043942,0.481928
339625349,0.0475917,-0.0544633,0.0441277,0.481679
339657356,0.0346985,-0.0365541,0.043443,0.481089
339689349,0.0271567,-0.0175804,0.0433015,0.480383
339717347,0.0278798,-0.00424481,0.0429196,0.479861
339749351,0.0271983,0.00718884,0.0419257,0.479435
339781377,0.0212935,0.0134124,0.0413397,0.479496
339813375,-0.0114284,0.0147947,0.0403519,0.478687
339845355,-0.0315533,0.0135426,0.0394065,0.478263
339877357,-0.0506675,0.010668,0.0383168,0.478221
339909391,-0.0968265,0.00730852,0.0374122,0.478322
339941383,-0.117628,0.00900367,0.0361022,0.478321
339969384,-0.127831,0.0189721,0.0352577,0.478066
340001354,-0.119543,0.0356278,0.0347847,0.471618
340033384,-0.105327,0.0433064,0.0337631,0.465297
340065351,-0.0906146,0.0498109,0.0332408,0.459881
340097351,-0.071812,0.0541889,0.0327766,0.456423
340129365,-0.0419408,0.057798,0.032237,0.456453
340161347,-0.0187379,0.0614401,0.0316737,0.456652
340193387,0.00295427,0.0651674,0.0312841,0.45664
340221349,0.0161112,0.0693825,0.030975,0.456873
340253349,0.0228401,0.0730704,0.0306754,0.457464
340285350,0.0211467,0.0751709,0.0303961,0.458132
340317351,0.00430969,0.0800546,0.0302835,0.459112
340349352,-0.00590612,0.0719542,0.0303198,0.459367
340381374,-0.0117607,0.0563994,0.0300327,0.460283
340413349,-0.0153611,0.0429717,0.0303698,0.460325
340445354,-0.0137242,0.0272513,0.0305482,0.460762
340473349,-0.00627571,-0.00139923,0.0304128,0.462747
340505354,0.00761582,-0.0175344,0.0303016,0.462831
340537376,0.0230842,-0.0332786,0.0303715,0.462633
340569347,0.0351303,-0.0308999,0.0305708,0.462635
340601383,0.0453474,-0.0220181,0.0305674,0.462648
340633375,0.0539817,-0.00877676,0.0308214,0.462901
340665349,0.0475489,0.00597099,0.0314091,0.463489
340697353,0.0318227,0.0210598,0.0316416,0.463946
340725347,0.0243349,0.0310885,0.0317493,0.463879
340757383,0.0153636,0.0374852,0.0321902,0.463846
340789396,0.00746593,0.0456159,0.0326828,0.464103
340821380,0.000496798,0.0512799,0.0326818,0.464695
340853381,-0.0127841,0.0640158,0.0330273,0.472423
340885349,-0.0149152,0.0754314,0.0331583,0.48042
340917347,-0.01425,0.098685,0.0330121,0.48534
340949349,-0.00519602,0.0902502,0.0332528,0.484583
340977353,0.00413023,0.0791885,0.0332587,0.484232
341009351,0.0178238,0.0612146,0.0330283,0.484326
341041380,0.0331865,0.0446545,0.0329749,0.48435
341073375,0.037491,0.0225473,0.0328897,0.484337
341105351,0.0337516,0.010494,0.0327278,0.484336
341137349,0.0289121,-0.00298407,0.0327191,0.484337
341169349,0.0219647,0.00239878,0.0330469,0.484338
341201384,0.0142676,0.0130392,0.0330316,0.484586
341229374,0.00246125,0.0156998,0.0331429,0.485843
341261351,-0.0082517,0.0123395,0.033552,0.486472
341293349,-0.0231218,-0.0116504,0.0334849,0.487078
341325347,-0.0245987,-0.00418061,0.0337374,0.487601
341357383,-0.0203142,0.00539191,0.0335017,0.487993
341389351,-0.0105656,-7.09269e-05,0.0336121,0.487975
341421352,1.08855e-05,-0.00775674,0.0334015,0.487944
341453352,0.00935382,-0.00963392,0.03342,0.487944
341485353,0.00564921,-0.00345185,0.0335302,0.487953
341513359,0.00206148,0.00217965,0.033605,0.487952
341545347,-0.00459596,0.0100377,0.0336566,0.487952
341577349,-0.00962247,0.0198602,0.0340003,0.487952
341609358,-0.0175905,0.0304425,0.0339381,0.487952
341641385,-0.024216,0.0408345,0.0340952,0.487952
341673387,-0.0254854,0.0489968,0.0340191,0.487952
341705353,-0.023983,0.0546234,0.0336248,0.487952
341733375,-0.020378,0.0563012,0.033582,0.487952
341765354,-0.0139472,0.0553598,0.0330203,0.487952
341797347,-0.00558051,0.0524152,0.0325231,0.487703
341829390,0.00266092,0.0473479,0.032101,0.487113
341861351,0.00305138,0.0423729,0.0314557,0.486656
341893350,0.0027365,0.0387902,0.0311893,0.486724
341925345,0.00294156,0.037454,0.030781,0.486755
341957384,0.000406489,0.0390667,0.0305367,0.486748
341985351,-0.00379951,0.0433567,0.0304318,0.486746
342017351,-0.00851872,0.0501116,0.0301071,0.486747
342049384,-0.0131707,0.0573895,0.0299397,0.486747
342081377,-0.0155617,0.0637053,0.0296791,0.486747
342113357,-0.0152863,0.067401,0.0293709,0.486747
342145401,-0.0123617,0.0681907,0.0292413,0.486747
342177350,-0.00818158,0.0665264,0.0285595,0.486747
342209351,-0.0034901,0.0625447,0.0282649,0.486747
342241357,0.00139599,0.0578772,0.0275727,0.486747
342273347,0.00447901,0.0531807,0.0270367,0.486747
342305351,0.00567689,0.0418233,0.0267523,0.486747
342337422,0.00432076,0.0143205,0.0256532,0.486249
342369362,0.000951438,-0.0204773,0.0255395,0.48507
342401382,0.00147731,-0.0644682,0.024525,0.48223
342433349,-0.00161814,-0.0646283,0.0245217,0.480939
342461349,-0.00653904,-0.0570705,0.0246364,0.479762
342493347,-0.010514,-0.0388669,0.0239673,0.479215
342525359,-0.0132531,-0.0204639,0.0243011,0.461161
342557385,-0.0146791,0.00764055,0.023765,0.448403
342589347,-0.0144056,0.0339614,0.0235545,0.443585
342621350,-0.0129868,0.0551382,0.023204,0.445468
342653356,-0.011302,0.06996,0.022259,0.447093
342685361,-0.00963705,0.0777652,0.0216734,0.448612
342717350,-0.00869829,0.0789598,0.0209146,0.449118
342745349,-0.00828139,0.0749177,0.0199762,0.449697
342777349,-0.00921537,0.0661432,0.0190341,0.45151
342809384,-0.0116751,0.0537916,0.0183412,0.451942
342841374,-0.0158496,0.0408115,0.0172394,0.451821
342873374,-0.0207865,0.0279442,0.0161668,0.451791
342905382,-0.0252123,0.0171265,0.0154241,0.452056
342937360,-0.0282546,0.00976753,0.0145402,0.454141
342965357,-0.029306,0.00608385,0.0138568,0.461829
342997359,-0.034089,0.00662145,0.0131678,0.484691
343029375,-0.0341138,0.010286,0.0124823,0.487348
343061351,-0.0295813,0.0164662,0.0116597,0.484658
343093349,-0.0233226,0.024186,0.0109338,0.483857
343125372,-0.0168506,0.031378,0.0104132,0.48335
343157380,-0.0114395,0.0362134,0.00982712,0.483067
343189353,-0.00692044,0.0382565,0.00936394,0.48312
343217354,-0.00411115,0.0374636,0.00899576,0.483138
343249347,-0.0025731,0.0336434,0.00821506,0.483133
343281383,-0.00293267,0.0280266,0.00781968,0.483132
343313351,-0.00462634,0.0224337,0.00725667,0.483133
343345349,-0.00676456,0.0177618,0.00644015,0.482884
343377386,-0.00796021,0.0141985,0.00622889,0.482294
343409352,-0.0080209,0.00904954,0.00527026,0.481837
343441382,-0.00698491,0.00968344,0.0049614,0.481904
343469354,-0.00483351,0.00651533,0.00470219,0.481937
343501349,-0.0018536,-0.0317877,0.00378167,0.481929
343533349,0.000844963,-0.0745977,0.0031807,0.481927
343565355,0.00311756,-0.124417,0.0026394,0.481927
343597350,0.000408924,-0.204658,0.00177579,0.481679
343629356,-0.000834299,-0.216283,0.00145558,0.481089
343661348,-0.000410485,-0.240478,0.00153562,0.480632
343693349,-0.00131738,-0.22972,0.00128731,0.480948
343721388,-0.00297545,-0.219808,0.00157281,0.481988
343753355,-0.00573543,-0.17644,0.00266027,0.48202
343785353,-0.00765599,-0.130368,0.00323366,0.48195
343817386,-0.00887259,-0.0784429,0.00419808,0.48192
343849352,-0.00961015,-0.0333731,0.00503231,0.481927
343881416,-0.00866734,-0.00326529,0.00548675,0.481928
343913354,-0.0064142,0.0128137,0.00631963,0.481928
343945349,-0.00336304,0.0148488,0.00649576,0.481928
343973351,-0.000711616,0.00852783,0.00691044,0.481928
344005353,0.00316377,-0.00152408,0.00749185,0.481928
344037373,0.00606381,-0.00931099,0.00787675,0.481928
344069349,0.00807161,-0.0228935,0.00888026,0.481928
344101381,0.00894901,-0.0296496,0.00983803,0.481928
344133347,0.00827478,-0.0273192,0.011159,0.481928
344165354,0.00670855,-0.0166448,0.0129782,0.481928
344197350,0.00523625,0.000420655,0.0144656,0.481928
344225349,0.00295866,0.0176651,0.0162396,0.481928
344257387,-0.00125464,0.0364871,0.0181709,0.481928
344289375,-0.00397078,0.0499574,0.0197792,0.481928
344321380,-0.00244952,0.0555847,0.0213326,0.481928
344353352,-8.60983e-05,0.0522746,0.0225829,0.481928
344385360,0.00241594,0.0426767,0.0236153,0.482177
344417352,0.00514778,0.0288585,0.0244861,0.482766
344449376,0.00844234,0.0141112,0.025113,0.483223
344477351,0.0102409,0.00138558,0.0256641,0.483156
344509357,0.0102715,-0.0142442,0.0265949,0.483123
344541347,0.00810879,-0.0328655,0.0270284,0.483131
344573384,0.00378319,-0.0297164,0.028241,0.483134
344605349,-0.00681389,-0.0208803,0.028962,0.483133
344637373,-0.015782,-0.0283995,0.029547,0.483133
344669355,-0.0203908,-0.0277627,0.0301943,0.483133
344701384,-0.0232909,-0.0209126,0.0300663,0.483133
344729362,-0.0230008,-0.0109197,0.030206,0.483133
344761383,-0.0195135,-0.0058413,0.0298239,0.483133
344793355,-0.0137084,-0.00956837,0.0291387,0.483133
344825358,-0.0069253,-0.0107998,0.0286077,0.483133
344857386,-0.000512571,-0.0139552,0.0274658,0.483133
344889354,0.00378749,-0.0177404,0.0268505,0.483133
344921384,0.00501692,-0.016184,0.0258246,0.483133
344953353,0.00479267,-0.0193886,0.0247788,0.483133
344985352,0.00612214,-0.0211714,0.0239286,0.483133
345017358,0.000107716,-0.0201381,0.0226676,0.483133
345049354,-0.00267305,-0.0244893,0.0217556,0.483133
345081375,-0.00719125,-0.0275662,0.020527,0.483133
345113393,-0.00751006,-0.0285593,0.0195443,0.483133
345145347,-0.00413138,-0.0310609,0.0181277,0.483133
345177349,-0.00191864,-0.0294398,0.0172106,0.483133
345205347,9.45894e-05,-0.0283391,0.0160107,0.483133
345237383,0.00209743,-0.0287499,0.0144642,0.483133
345269383,0.00327066,-0.0308913,0.0134811,0.483133
345301349,0.00273438,-0.0342682,0.0116485,0.483133
345333379,0.000939574,-0.0381043,0.0104965,0.483133
345365394,-0.00184187,-0.0413251,0.00856403,0.483133
345397351,-0.0040727,-0.0440114,0.00727904,0.483133
345429376,-0.00580031,-0.0452541,0.00552533,0.483133
345457371,-0.00724266,-0.0450496,0.00409274,0.483133
345489349,-0.00927959,-0.0436814,0.00283198,0.483133
345521349,-0.0127986,-0.0409329,0.00122831,0.483133
345553386,-0.0175726,-0.0374647,7.27005e-05,0.483133
345585347,-0.0221195,-0.0338246,-0.0014453,0.483133
345617349,-0.0224358,-0.0298517,-0.00241041,0.483133
345649347,-0.0220816,-0.02655,-0.00406523,0.483133
345681377,-0.0231714,-0.0246968,-0.00484829,0.483133
345709351,-0.0257734,-0.0249312,-0.00558894,0.483133
345741349,-0.0331593,-0.020545,-0.00631855,0.483133
345773385,-0.0365154,-0.0169815,-0.00683329,0.483133
345805349,-0.035682,-0.0137665,-0.00725227,0.483133
345837352,-0.0358019,-0.0176196,-0.00757115,0.483133
345869388,-0.078091,-0.00108454,-0.00629075,0.483133
345901381,-0.0982266,0.00315931,-0.00527779,0.483133
345933374,-0.12094,0.00983243,-0.00453747,0.483133
345961377,-0.120643,0.00611939,-0.00387134,0.483133
345993365,-0.114321,-0.000788784,-0.00335662,0.483133
346025381,-0.101688,-0.00354942,-0.00267945,0.483133
346057346,-0.0850342,-0.00850495,-0.00204944,0.483133
346089350,-0.0609409,-0.0157878,-0.00160336,0.483133
346121398,-0.0430547,-0.0217065,-0.000856203,0.483133
346153385,-0.045557,-0.0223787,0.000695744,0.483133
346185355,-0.0784511,-0.00539151,0.00287336,0.483133
346217357,-0.136808,0.0286478,0.00623133,0.483133
346245350,-0.211963,0.065907,0.0099056,0.483133
346277358,-0.209334,0.0628984,0.010866,0.483133
346309347,-0.181202,0.0517109,0.0114263,0.483133
346341352,-0.140769,0.0348849,0.0113382,0.483133
346373349,-0.0659598,-0.00762751,0.0102141,0.483133
346405352,-0.00554646,-0.0493634,0.00951626,0.483133
346437347,0.065065,-0.0874203,0.00851601,0.483133
346465352,0.0922646,-0.108652,0.00876208,0.483133
346497350,0.111599,-0.128163,0.00933483,0.483133
346529381,0.145146,-0.155114,0.00913662,0.483133
346561382,0.158463,-0.165309,0.00958925,0.483133
346593375,0.188328,-0.182331,0.00938109,0.483133
346625350,0.154537,-0.175249,0.0108231,0.483133
346657352,0.10782,-0.155987,0.0120566,0.483133
346689375,0.0641023,-0.131401,0.013632,0.483133
346717352,0.0308215,-0.110891,0.0142984,0.483133
346749349,0.00262612,-0.0898869,0.0149088,0.483133
346781349,-0.0141502,-0.0756209,0.0147878,0.483133
346813377,-0.01661,-0.0753664,0.0144391,0.483133
346845349,-0.00619119,-0.0794523,0.0132127,0.483133
346877351,0.010723,-0.0915038,0.0122334,0.483133
346909349,0.0260586,-0.0975487,0.0107477,0.483133
346941375,0.0381625,-0.112879,0.00965433,0.483133
346969375,0.0430434,-0.117873,0.00874586,0.483133
347001349,0.0419446,-0.115086,0.00735287,0.483133
347033381,0.0340328,-0.10741,0.00637124,0.482045
347065351,0.0211753,-0.0902528,0.00548177,0.481037
347097349,0.00582844,-0.0709803,0.0044779,0.48058
347129351,-0.00509328,-0.058223,0.00306355,0.480709
347161348,-0.0151726,-0.0469454,0.00202469,0.48074
347193347,-0.0237573,-0.0395399,0.000286004,0.480723
347221348,-0.0266389,-0.0392385,-0.001148,0.480721
347253351,-0.0247515,-0.0450973,-0.00251578,0.480722
347285349,-0.0184109,-0.0557289,-0.00457663,0.480723
347317379,-0.00992571,-0.0691209,-0.00630193,0.480723
347349350,-0.00171954,-0.0768129,-0.00761973,0.480723
347381351,0.00375883,-0.0843557,-0.00913055,0.480723
347413375,0.00515347,-0.0897496,-0.0105169,0.480723
347441349,0.00138344,-0.0879287,-0.0111973,0.480723
347474157,-0.00798919,-0.0828755,-0.0117951,0.480723
347506159,-0.017101,-0.0766554,-0.0124368,0.480723
347538241,-0.0239024,-0.0642877,-0.0129319,0.480723
347570143,-0.0321986,-0.0547097,-0.0127838,0.480723
347602146,-0.0360597,-0.0483944,-0.0132129,0.480723
347634162,-0.0508197,-0.0342078,-0.0127741,0.480474
347666195,-0.0713894,-0.0242693,-0.0122992,0.479635
347698155,-0.0906153,-0.0183869,-0.011836,0.47589
347730164,-0.103685,-0.0125704,-0.0115596,0.460772
347762158,-0.0967005,-0.0204647,-0.0116041,0.458181
347794201,-0.113521,0.0131485,-0.0108659,0.458961
347826157,-0.113992,0.0331397,-0.0108249,0.459137
347858169,-0.102921,0.0383402,-0.010721,0.459088
347890192,-0.0684242,0.0302106,-0.0118241,0.459026
347918205,-0.0346059,0.0189501,-0.0126059,0.459032
347950164,0.00992007,0.0144787,-0.0136987,0.459037
347982155,0.0288768,-0.00240701,-0.0144564,0.459036
348014152,0.0571248,-0.022823,-0.0150818,0.459036
348046163,0.0710791,-0.0444932,-0.0160302,0.459285
348078189,0.105749,-0.074856,-0.0171815,0.460293
348110154,0.103935,-0.0904816,-0.0177958,0.460332
348142185,0.0931647,-0.0982986,-0.0179743,0.460232
348170193,0.0730194,-0.0963315,-0.0179609,0.460233
348202189,0.0547866,-0.037255,-0.0179562,0.459403
348234154,0.0393286,0.0327113,-0.017656,0.458985
348266156,0.0249021,0.164087,-0.0171127,0.459013
348298155,0.0153806,0.187408,-0.0171864,0.459045
348330182,0.0156691,0.182736,-0.0184538,0.459293
348362196,0.0238787,0.164094,-0.0193173,0.461379
348394191,0.0356689,0.133007,-0.0201697,0.462427
348426152,0.0499562,0.0923648,-0.0212353,0.462756
348458158,0.0604599,0.0466081,-0.0218159,0.462906
348490156,0.0817789,0.00247783,-0.0225426,0.47024
348522156,0.109381,-0.0337347,-0.0229288,0.479037
348554145,0.122496,-0.0601713,-0.0234094,0.484393
348586206,0.1109,-0.0767766,-0.0237692,0.484626
348618205,0.0918284,-0.0804232,-0.0240159,0.484037
348650155,0.0715887,-0.0726323,-0.0237993,0.483063
348682161,0.0539542,-0.057369,-0.0237201,0.48305
348714154,0.0472928,-0.0385552,-0.023412,0.483142
348746153,0.0397626,-0.0207111,-0.0234417,0.48314
348778185,0.0327055,-0.00695579,-0.0230591,0.483133
348810202,0.028111,0.000344107,-0.023008,0.483132
348842188,0.0289474,0.000387812,-0.022744,0.483133
348874156,0.0332602,-0.011256,-0.0225084,0.483133
348906157,0.042071,-0.0245051,-0.0222207,0.483133
348938200,0.0635755,-0.0419352,-0.0223222,0.483133
348970156,0.0810717,-0.0556226,-0.0220216,0.483133
349002158,0.0969993,-0.0637641,-0.0219231,0.483133
349034156,0.11114,-0.0653546,-0.0217438,0.483133
349066195,0.111868,-0.0565039,-0.0211369,0.483133
349098156,0.0975267,-0.0455563,-0.0202943,0.483133
349130178,0.0796186,-0.0303082,-0.0192233,0.483133
349162198,0.0610809,0.0286232,-0.0180597,0.483133
349194157,0.0449113,0.0805053,-0.0162922,0.483133
349226152,0.0331325,0.131958,-0.0152318,0.483133
349258157,0.026974,0.129899,-0.0136324,0.483133
349290191,0.0261562,0.11547,-0.0125622,0.483133
349318208,0.0296552,0.0985007,-0.0115632,0.483133
349350156,0.0364825,0.0724743,-0.0102885,0.483133
349382154,0.0432408,0.0429924,-0.00912074,0.483133
349414157,0.0482338,0.0154435,-0.00788387,0.483133
349446156,0.0501955,-0.000326427,-0.00661044,0.483133
349478176,0.048528,0.000697568,-0.00501987,0.483133
349510164,0.0432993,0.013577,-0.00341121,0.483133
349542194,0.0350145,0.0210861,-0.00158146,0.483133
349570184,0.0271626,0.0477362,6.5326e-05,0.483133
349602154,0.0179723,0.0608284,0.00214076,0.483133
349634159,0.010554,0.0694634,0.00378838,0.483133
349666190,0.00620199,0.0833938,0.00546142,0.481455
349698158,0.0056726,0.0945466,0.00673706,0.480619
349730153,0.00812811,0.105783,0.00783601,0.480676
349762155,0.0130227,0.0960052,0.00884063,0.480741
349794187,0.0197123,0.115072,0.00950111,0.480725
349822175,0.0250187,0.131279,0.0103533,0.480472
349854192,0.0295355,0.141996,0.0110674,0.479883
349886154,0.0204047,0.147332,0.0117007,0.479427
349918153,0.00973829,0.131687,0.0121631,0.479495
349950160,-0.00696901,0.122467,0.0125604,0.479527
349982157,-0.0426267,0.132954,0.0126699,0.479519
350014152,-0.048879,0.125923,0.0127276,0.479517
350046189,-0.0569568,0.130014,0.0132368,0.479518
350074189,-0.0574321,0.124525,0.0133411,0.479518
350106160,-0.0541645,0.114783,0.0131854,0.479518
350138178,-0.063671,0.102276,0.0133023,0.478771
350170147,-0.0532617,0.0865634,0.0132452,0.474265
350202197,-0.0394705,0.0471782,0.0129587,0.455872
350234157,-0.0215537,0.0143376,0.0130137,0.449178
350266173,-0.00507681,-0.0191724,0.0129241,0.446307
350298190,0.00853685,-0.0262455,0.0128279,0.44687
350326187,0.0172959,-0.0245699,0.0128569,0.447044
350358186,0.0237493,-0.0155991,0.0132044,0.446991
350390155,0.0268751,-0.00223739,0.0135306,0.447227
350422152,0.0269392,0.0187303,0.0134862,0.449084
350454162,0.0249279,0.0397808,0.0135028,0.44979
350486156,0.0217475,0.0677054,0.0136627,0.451507
350518176,0.0191982,0.084627,0.0130438,0.451933
350550187,0.0173102,0.0926495,0.0121539,0.451822
350578213,0.0174602,0.093356,0.0114532,0.451792
350610157,0.0185556,0.0918951,0.010461,0.451799
350642156,0.0208841,0.0914661,0.0090704,0.451809
350674162,0.0237176,0.0857913,0.00767819,0.451808
350706197,0.0256821,0.0860273,0.00649512,0.452056
350738172,0.0266945,0.0748341,0.00486465,0.454637
350770153,0.0264571,0.0681262,0.00330102,0.475054
350802186,0.0250102,0.0630605,0.00185179,0.483092
350830188,0.0228136,0.0601865,0.00064958,0.4847
350862158,0.0198588,0.0546204,-0.000484909,0.483043
350894153,0.017366,0.0562669,-0.00174177,0.482984
350926151,0.0205638,0.0637741,-0.00272923,0.483148
350958188,0.0220178,0.0705963,-0.00353479,0.483145
350990156,0.0222741,0.0747057,-0.0047389,0.483134
351022155,0.0256701,0.0761383,-0.00568279,0.483131
351054192,0.0344403,0.0742952,-0.00651059,0.483132
351082178,0.0435961,0.0589255,-0.00743177,0.483133
351114157,0.0506743,0.0469454,-0.00845573,0.483133
351146157,0.054416,0.03432,-0.00903913,0.483133
351178155,0.0507867,0.0208794,-0.0100409,0.481455
351210162,0.0443225,0.0137234,-0.0107961,0.480619
351242153,0.0366292,0.00238895,-0.0110743,0.480427
351274160,0.0280578,0.0081513,-0.0118385,0.479903
351306187,0.0197731,0.0151966,-0.0119656,0.47943
351334186,0.0139584,0.0274451,-0.0122151,0.479492
351366190,0.0101883,0.0447614,-0.012816,0.479526
351398151,0.00935079,0.0511311,-0.0130015,0.479519
351430157,0.0107847,0.0583123,-0.0132579,0.479517
351462164,0.0146003,0.0654601,-0.0134843,0.479517
351494155,0.0190772,0.0669821,-0.0136546,0.479518
351526154,0.022635,0.0545705,-0.013985,0.479518
351558219,0.0241995,0.0167323,-0.0145356,0.479518
351586189,0.0239919,0.00905513,-0.0148718,0.479518
351618156,0.0205479,0.0120961,-0.014922,0.479518
351650156,0.0157098,0.0177043,-0.0151541,0.479518
351682203,0.0101741,0.0272441,-0.0151985,0.479518
351714162,0.00503684,0.041497,-0.0150907,0.479518
351746157,0.00179492,0.0571575,-0.0153956,0.479518
351778159,0.00256396,0.07217,-0.0152801,0.479518
351810194,0.0159669,0.0831217,-0.0156475,0.479518
351838223,0.0433301,0.0871617,-0.0157699,0.479518
351870159,0.0791621,0.0718637,-0.0159209,0.479518
351902157,0.082906,0.0622411,-0.0164336,0.479518
351934155,0.0791538,0.0506401,-0.0168719,0.479518
351966162,0.0708659,0.0398474,-0.0174186,0.479518
351998183,0.0555595,0.0308519,-0.0175318,0.479518
352030143,0.0381755,0.0275499,-0.0178574,0.479518
352062199,0.0239714,0.0300242,-0.018104,0.479518
352090187,0.0187365,0.0277216,-0.0179422,0.478679
352122152,0.0153581,0.0233967,-0.0179604,0.478261
352154156,0.0272981,-0.0274379,-0.0181269,0.475027
352186156,0.0396322,-0.0397952,-0.0178528,0.471041
352218160,0.049805,-0.0402812,-0.0173929,0.465716
352250147,0.0544719,-0.027592,-0.0171045,0.465858
352282159,0.0566801,-0.0065393,-0.0163829,0.466329
352314191,0.0554007,0.0141113,-0.0154399,0.466297
352342187,0.0505582,0.0349494,-0.0146837,0.466259
352374159,0.042501,0.0506465,-0.0135194,0.466263
352406155,0.0370024,0.06236,-0.0119882,0.467943
352438181,0.0359583,0.070207,-0.0108038,0.468779
352470167,0.0322363,0.0744118,-0.00932391,0.468856
352502156,0.0207126,0.0613258,-0.00746627,0.469495
352534200,0.0164771,0.0456118,-0.00605613,0.469915
352566187,0.00626437,0.0356558,-0.00431494,0.470744
352594186,0.0043409,0.0338819,-0.0026238,0.471128
352626157,0.00487229,0.0225976,-0.000910534,0.471167
352658159,0.00803007,-0.0574736,0.000908382,0.471325
352690155,0.00984431,-0.0856768,0.00334991,0.471916
352722197,-0.0485159,-0.091512,0.00580703,0.472381
352754161,-0.0844967,-0.0711967,0.00856404,0.472313
352786166,-0.0983377,-0.0708349,0.0115025,0.4757
352818196,-0.0881739,-0.0767376,0.0141695,0.480921
352846188,-0.0743949,-0.0944915,0.0161049,0.484517
352878186,-0.0505697,-0.120101,0.0182967,0.485413
352910157,-0.0291603,-0.116827,0.020398,0.485537
352942153,-0.00900435,-0.132178,0.0220699,0.485552
352974157,0.00943402,-0.111717,0.0242939,0.485541
353006152,0.0246988,-0.118277,0.0257581,0.485542
353038169,0.0380651,-0.115507,0.0274573,0.485542
353070200,0.058569,-0.129701,0.0288432,0.485542
353098185,0.0562286,-0.110898,0.0303885,0.485542
353130185,0.043573,-0.0814434,0.0330211,0.485542
353162155,0.0251953,-0.0476551,0.035112,0.485542
353194155,0.0183792,-0.0172882,0.0375279,0.485542
353226201,0.0434669,-0.00425105,0.0382746,0.484704
353258164,0.0599829,0.00421046,0.040014,0.484286
353290158,0.0828986,0.00541985,0.0409323,0.484314
353322191,0.0890904,0.00667342,0.0426491,0.484347
353350186,0.0910478,0.00702465,0.0445217,0.484339
353382150,0.0904331,0.012867,0.0463091,0.484336
353414154,0.0942814,0.0129522,0.0486107,0.484337
353446156,0.0925355,0.0129125,0.0505365,0.484338
353478196,0.0847723,0.00485796,0.0533828,0.484337
353510155,0.0705569,0.00337449,0.0555919,0.484337
353542155,0.0630084,-0.00995621,0.0584317,0.484337
353574190,0.0525202,-0.0184662,0.0611584,0.484586
353602188,0.0429625,-0.0234043,0.0635853,0.485425
353634202,0.0246544,-0.0156778,0.0673133,0.488567
353666160,0.0109731,-0.00863622,0.0702831,0.489375
353698195,0.0048215,-0.0130217,0.0740192,0.489186
353730163,0.0055905,-0.00798013,0.076628,0.489129
353762194,-0.00298738,-0.0148671,0.0805423,0.489156
353794154,-0.00875597,-0.0269817,0.0834468,0.48916
353826192,-0.0209105,-0.0502457,0.0876242,0.489157
353854192,-0.0347949,-0.0399805,0.0904706,0.489156
353886154,-0.0931421,-0.0090149,0.0962255,0.489157
353918161,-0.104107,0.010133,0.0996116,0.489157
353950152,-0.096772,0.0226325,0.102935,0.488069
353982160,-0.0831044,0.0323935,0.105371,0.487061
354014155,-0.0674473,0.0401775,0.108355,0.486604
354046154,-0.0562068,0.0440435,0.110704,0.486982
354078265,-0.0414141,0.0445761,0.11355,0.487603
354106185,-0.0463383,0.0409411,0.115959,0.487794
354138180,-0.0674772,0.0325054,0.119321,0.487135
354170154,-0.17042,0.0131323,0.125599,0.486648
354202154,-0.206535,0.00166541,0.129105,0.486723
354234158,-0.223375,-0.00748808,0.131997,0.486757
354266158,-0.254556,-0.0159596,0.135151,0.486748
354298157,-0.256815,-0.0203378,0.137856,0.486746
354330219,-0.26321,-0.0260122,0.140722,0.486747
354358227,-0.234495,-0.0346899,0.142113,0.486747
354390250,-0.193677,-0.061025,0.142668,0.486498
354422157,-0.145163,-0.0666141,0.143602,0.485908
354454158,-0.125353,-0.0739455,0.144753,0.485451
354486166,-0.0893648,-0.0660554,0.145988,0.485519
354518186,-0.0482684,-0.0562683,0.146079,0.485551
354550150,-0.00774826,-0.0508609,0.145898,0.485543
354582182,0.0153122,-0.0422163,0.14586,0.485541
354610195,0.0295079,-0.0338205,0.145725,0.485542
354642158,0.0422246,-0.0249783,0.145811,0.485542
354674158,0.0576114,-0.00684776,0.145161,0.485542
354706156,0.0640727,0.00138293,0.144386,0.485542
354738189,0.0666644,0.00514134,0.143849,0.485542
354770155,0.0694292,0.00642468,0.142428,0.485542
354802154,0.0575931,0.00571429,0.142396,0.485542
354834187,0.0588729,0.00503492,0.141051,0.485791
354862189,0.0502126,0.00239881,0.140636,0.486381
354894156,0.0321473,-0.00188542,0.140325,0.486799
354926152,-0.00715875,-0.00425323,0.140811,0.48677
354958189,-0.0238087,0.00171784,0.140633,0.486738
354990159,-0.0697428,0.0168255,0.141477,0.486746
355022165,-0.0980527,0.0204667,0.141596,0.486748
355054168,-0.161308,0.0522374,0.143559,0.486747
355086196,-0.186513,0.0645919,0.143568,0.486747
355114189,-0.193622,0.0679131,0.142427,0.486747
355146200,-0.175864,0.0598173,0.140522,0.486747
355178158,-0.148174,0.0397314,0.137373,0.486747
355210158,-0.118382,0.0221612,0.134521,0.486747
355242157,-0.0876729,0.00307968,0.131861,0.486747
355274159,-0.0586521,-0.0106038,0.128669,0.486747
355306154,-0.0218064,-0.00892857,0.126477,0.486747
355338221,0.0102845,-0.0270786,0.122767,0.486747
355366187,0.0817024,-0.0249034,0.119294,0.486747
355398291,0.107575,-0.0312289,0.115641,0.486747
355430158,0.123517,-0.0387773,0.112547,0.486747
355462161,0.104944,-0.0495936,0.110018,0.486996
355494154,0.0755545,-0.0564144,0.107211,0.488004
355526196,0.0497477,-0.0593309,0.104606,0.488043
355558183,0.0378024,-0.0590429,0.101453,0.487975
355590190,0.0588999,-0.0595177,0.0969819,0.488193
355618188,0.0499086,-0.0645178,0.0944377,0.488789
355650177,0.0425594,-0.0720256,0.0908721,0.489248
355682156,0.0397502,-0.0815602,0.0876145,0.48918
355714152,0.0727466,-0.0960711,0.0825895,0.489149
355746161,0.0933287,-0.106123,0.0783077,0.489155
355778232,0.133827,-0.117344,0.0736326,0.489157
355810157,0.148445,-0.135782,0.0688541,0.489157
355842193,0.14845,-0.154872,0.0650887,0.489157
355874156,0.114529,-0.177928,0.061359,0.489157
355906150,0.0416011,-0.171312,0.059682,0.489157
355938160,-0.034919,-0.140444,0.0582731,0.489157
355970154,-0.13913,-0.0847029,0.0577481,0.489157
356002154,-0.165524,-0.0645815,0.0551563,0.489157
356034160,-0.163825,-0.0500683,0.0513592,0.489157
356066198,-0.134964,-0.0387299,0.0472384,0.489157
356094188,-0.0990064,-0.0380631,0.0428315,0.489157
356126198,-0.036498,-0.0452457,0.0377399,0.489157
356158185,0.0418989,-0.059631,0.0314928,0.489157
356190154,0.194286,-0.0785202,0.0237978,0.489157
356222154,0.257961,-0.0998079,0.0187065,0.489157
356254162,0.269308,-0.119454,0.0138881,0.489157
356286192,0.238861,-0.134621,0.010772,0.489157
356314950,0.20113,-0.143429,0.00735463,0.489157
356346950,0.156472,-0.146627,0.00446349,0.489157
356378978,0.0962273,-0.143576,0.00106506,0.489157
356410949,0.0353932,-0.13459,-0.00141686,0.489157
356442953,-0.0119656,-0.102095,-0.00500632,0.489157
356474972,-0.0432596,-0.082151,-0.00835264,0.489157
356506949,-0.0280978,-0.0727675,-0.0139022,0.489157
356534959,-0.00162082,-0.0673827,-0.0182188,0.489157
356566963,0.0319747,-0.0628512,-0.0233797,0.489157
356598979,0.0561579,-0.0610404,-0.0285279,0.489157
356630949,0.0644931,-0.0720908,-0.0328088,0.489157
356662948,0.0259641,-0.0848853,-0.0366256,0.489157
356694959,-0.00347806,-0.0976507,-0.0402929,0.489157
356726948,-0.0346225,-0.113406,-0.043945,0.489157
356758995,-0.0547378,-0.122742,-0.0476376,0.489157
356790962,-0.0765638,-0.13507,-0.051474,0.489157
356818949,-0.100139,-0.161756,-0.0542296,0.488318
356850950,-0.11657,-0.160399,-0.057243,0.4879
356882948,-0.127452,-0.151154,-0.0603964,0.487928
356914948,-0.126292,-0.144399,-0.0635656,0.487961
356946950,-0.132087,-0.131503,-0.0656621,0.487953
356978951,-0.129973,-0.104869,-0.0685136,0.487702
357010948,-0.136134,-0.0610433,-0.0699689,0.486695
357038947,-0.118397,-0.0439933,-0.0721461,0.486656
357070955,-0.0952404,-0.0301333,-0.0745614,0.486724
357102951,-0.0737686,0.00147947,-0.0765838,0.48458
357134948,-0.056274,0.0322045,-0.078399,0.480554
357166948,-0.0412344,0.0324171,-0.0803535,0.47811
357198991,-0.027324,0.0195006,-0.0823987,0.47332
357230949,-0.00118156,0.016369,-0.084068,0.465883
357262948,0.00991316,0.024161,-0.085601,0.465726
357290951,0.0135415,0.0465333,-0.0860858,0.466141
357322949,0.0270959,0.128177,-0.0861822,0.46656
357354958,0.0372146,0.165663,-0.0863412,0.467109
357386947,0.0509514,0.193482,-0.086955,0.467806
357418948,0.0481234,0.166166,-0.0877855,0.468332
357450952,0.042102,0.134414,-0.0881002,0.468718
357482954,0.0367411,0.104278,-0.0888588,0.468697
357514998,0.0342944,0.0847705,-0.089157,0.469506
357542947,0.0334568,0.0957091,-0.0891938,0.46993
357575090,0.0332133,0.106563,-0.0890143,0.469971
357606957,0.0331737,0.104284,-0.0891523,0.46987
357639049,0.0313843,0.0865235,-0.0897499,0.469871
357671046,0.0278917,0.0572373,-0.0902134,0.469881
357703045,0.021386,0.0305813,-0.0906619,0.46988
357735047,0.0122382,0.0115713,-0.0910658,0.469631
357766949,-0.00283636,0.00415599,-0.0916337,0.469461
357794948,-0.0120924,0.00179507,-0.0917822,0.469841
357826954,-0.0213621,-6.59852e-06,-0.0920195,0.469947
357858950,-0.0287474,0.0099117,-0.0919795,0.469878
357890949,-0.0332167,0.0174022,-0.0924626,0.470122
357922976,-0.0330776,0.0607645,-0.0921474,0.473063
357954949,-0.0299022,0.0794249,-0.0921299,0.474528
357986963,-0.0253396,0.0814398,-0.092183,0.474956
358018948,-0.0188269,0.0866258,-0.0920596,0.475535
358046949,-0.0129808,0.094859,-0.0917364,0.475929
358078992,-0.00752044,0.100211,-0.0909978,0.475985
358110953,-0.00371952,0.106523,-0.090441,0.475897
358142950,-0.000889543,0.0909902,-0.0896985,0.475896
358174984,0.00171085,0.0764881,-0.0889674,0.475902
358206949,0.00265041,0.0866625,-0.0875826,0.476743
358238950,-0.00140666,0.0926607,-0.0864966,0.47716
358270947,-0.00607219,0.111476,-0.0848995,0.477132
358298949,-0.00922099,0.0959321,-0.0836658,0.477099
358330949,-0.00731499,0.087522,-0.0821214,0.477107
358362949,-0.00898372,0.0843424,-0.0801944,0.47711
358394973,-0.00949887,0.0926196,-0.0783962,0.477108
358426947,-0.00557428,0.0877137,-0.07614,0.477108
358458965,0.00220893,0.0807359,-0.0740161,0.477108
358490949,0.00997076,0.0725365,-0.071752,0.477108
358522951,0.0141927,0.065632,-0.0695221,0.477108
358550947,0.0167848,0.0715733,-0.0673858,0.477108
358582947,0.018883,0.0678099,-0.0650527,0.477108
358614978,0.0289614,0.046692,-0.0627613,0.477108
358646951,0.05253,0.0261255,-0.0599575,0.477108
358678983,0.0890333,0.00437979,-0.0570069,0.477108
358710951,0.150358,-0.0216045,-0.0535759,0.477108
358742950,0.149878,-0.0236805,-0.0508692,0.47686
358774991,0.131857,-0.0166309,-0.0483547,0.475013
358802953,0.115776,-0.00676631,-0.0462965,0.474556
358834952,0.0945649,0.00994867,-0.0437185,0.474584
358866949,0.110245,0.0309451,-0.0404244,0.473379
358898951,0.135476,0.0389372,-0.0374549,0.471774
358930981,0.180165,0.0185794,-0.0342027,0.470877
358962952,0.19608,0.00110252,-0.0316234,0.471046
358994960,0.225302,-0.024474,-0.0290123,0.471102
359026952,0.196053,-0.0302653,-0.027212,0.471086
359054994,0.159694,-0.031496,-0.0257603,0.471081
359086947,0.0999427,-0.0294293,-0.0247858,0.471084
359118982,0.0502572,-0.0195257,-0.0234788,0.471085
359150949,-0.0230203,0.00944608,-0.0227053,0.471084
359182950,-0.0561142,0.0276268,-0.0221635,0.471084
359214980,-0.0980628,0.050098,-0.021197,0.471084
359246950,-0.121033,0.0572749,-0.0208899,0.470587
359278953,-0.130503,0.0622049,-0.020662,0.468909
359306952,-0.127011,0.0690418,-0.020462,0.465141
359338981,-0.0904115,0.0632969,-0.0201131,0.46478
359370949,-0.052846,0.0268508,-0.0199117,0.465071
359402952,-0.0287382,0.00872333,-0.020006,0.465088
359434947,-0.0547319,-0.000586903,-0.0207252,0.460302
359466952,-0.0621502,0.00243459,-0.020851,0.452994
359498950,-0.0852324,0.0146995,-0.0210227,0.445945
359530994,-0.0963935,0.0248064,-0.0204053,0.446781
359562955,-0.108595,0.057659,-0.0198307,0.448596
359594947,-0.109507,0.0766577,-0.0193056,0.449651
359626950,-0.106984,0.093322,-0.0185684,0.451141
359658950,-0.0878827,0.11211,-0.0181172,0.452003
359690950,-0.059243,0.113353,-0.0179685,0.452094
359722947,0.0212467,0.112979,-0.0169554,0.453296
359754953,0.0765258,0.104826,-0.0166303,0.456927
359786952,0.111742,0.09224,-0.0166056,0.479443
359818960,0.11497,0.0739687,-0.0166306,0.484861
359850962,0.107578,0.0384009,-0.0167806,0.483297
359882949,0.0901065,0.0235657,-0.0170499,0.482927
359914949,0.0631264,0.0190569,-0.0171691,0.483024
359946951,0.0318919,0.0121203,-0.0170068,0.483154
359978988,0.0133877,0.00641708,-0.0170734,0.483131
360006951,-0.00299221,0.0110191,-0.0171055,0.483131
360038972,-0.0207793,0.0170144,-0.0171272,0.483132
360070950,-0.0296035,0.0273174,-0.0180156,0.483133
360102950,-0.0248199,0.0261564,-0.0186356,0.483133
360134950,-0.00871102,0.0257267,-0.0196651,0.483133
360166947,0.00953496,0.0015532,-0.0210606,0.483133
360198949,0.025103,-0.0233869,-0.0224897,0.483133
360230947,0.0353542,-0.079154,-0.0241284,0.483133
360258951,0.0356756,-0.0890942,-0.0256997,0.483133
360290949,0.0200855,-0.090612,-0.0274558,0.483133
360322947,-0.0326687,-0.105336,-0.0293055,0.483133
360354952,-0.0618788,-0.0920541,-0.0311919,0.483133
360386965,-0.0815634,-0.0643956,-0.032534,0.483133
360418969,-0.106911,-0.029447,-0.0341206,0.483133
360450949,-0.106966,0.00389792,-0.0358145,0.483133
360482947,-0.0909176,0.0433399,-0.0372811,0.483133
360510953,-0.0729315,0.0663899,-0.0389378,0.483133
360542949,-0.0424435,0.0827828,-0.0407632,0.483133
360574949,-0.00289247,0.100109,-0.0425025,0.483133
360606949,0.0228157,0.095034,-0.0444283,0.483133
360638974,0.0377629,0.0894526,-0.046165,0.483133
360670949,0.0427699,0.0761523,-0.0477421,0.483133
360702953,0.0403708,0.0592175,-0.0495406,0.483133
360734947,0.0344212,0.0479872,-0.0512834,0.483133
360762950,0.0208024,0.0401059,-0.0525916,0.483133
360794954,0.00463216,0.034811,-0.0541385,0.483133
360826973,-0.00889481,0.0369552,-0.0553757,0.482884
360858954,-0.0176048,0.0446007,-0.0567836,0.482294
360890950,-0.0182923,0.074255,-0.0575269,0.480998
360922947,-0.0109135,0.0967249,-0.058188,0.480648
360954984,0.000345631,0.127335,-0.0589308,0.480641
360986947,0.0284118,0.192492,-0.0587565,0.480733
361014995,0.046922,0.20227,-0.0591367,0.480481
361046949,0.0583276,0.191514,-0.0597638,0.479885
361078976,0.0685581,0.154625,-0.0600769,0.479427
361110951,0.0742895,0.111811,-0.0605035,0.477255
361142950,0.0810066,0.0626133,-0.0607258,0.468744
361174973,0.0971222,-0.0165588,-0.0610481,0.44624
361206951,0.0844753,-0.0508445,-0.0609807,0.44324
361238990,0.0645667,-0.0708903,-0.0611765,0.445376
361266950,0.0488483,-0.0717872,-0.0608124,0.44598
361298949,0.0337073,-0.0551941,-0.0605025,0.446185
361330947,0.027431,-0.0266401,-0.0601885,0.447016
361362952,0.0210849,0.00556509,-0.0593387,0.447067
361394950,0.0173169,0.0399373,-0.0587589,0.447011
361426974,0.0160608,0.07216,-0.0583005,0.448907
361458952,0.019105,0.0974545,-0.0578231,0.450588
361490947,0.0250244,0.107209,-0.0572461,0.451997
361518996,0.0316881,0.105735,-0.0568869,0.451903
361550951,0.0386668,0.0902624,-0.0565976,0.452054
361582953,0.0435102,0.0659013,-0.0560726,0.452875
361614950,0.0459981,0.0450466,-0.0555505,0.462563
361646952,0.0451966,0.0306617,-0.0545639,0.470414
361678973,0.0418059,0.0193715,-0.0535782,0.477914
361710949,0.036711,0.010545,-0.0523736,0.478421
361742947,0.0298728,-0.00686499,-0.050693,0.478585
361770949,0.023907,-0.0123704,-0.0493074,0.479635
361802949,0.0178252,-0.0152156,-0.0472162,0.481237
361834950,0.0120526,-0.0173675,-0.0453366,0.48237
361866950,-0.00287719,-0.0202315,-0.0431713,0.483223
361898950,-0.0094995,0.00250116,-0.0410857,0.483197
361930953,-0.0143655,0.0202905,-0.0392435,0.483122
361962951,-0.0107018,0.0410525,-0.037084,0.483127
361994947,-0.0173287,0.0573002,-0.035697,0.483134
362022951,-0.0247858,0.0661929,-0.0343284,0.483133
362054981,-0.0365834,0.0588594,-0.0327055,0.483132
362086958,-0.0732293,-0.0464729,-0.031888,0.482635
362118986,-0.104396,-0.11096,-0.0308268,0.480619
362150950,-0.100915,-0.159588,-0.0300167,0.480541
362182953,-0.0927269,-0.233665,-0.0295409,0.480676
362214981,-0.0818228,-0.361389,-0.0291631,0.480739
362246950,-0.0655242,-0.367656,-0.0284352,0.480725
362274952,-0.0496897,-0.358925,-0.0278107,0.480721
362306947,-0.0370155,-0.351669,-0.0271401,0.480723
362338987,-0.0225415,-0.286697,-0.0256606,0.480723
362370950,-0.00878701,-0.243619,-0.0245698,0.480723
362402950,0.000568689,-0.191823,-0.0234321,0.480723
362434976,0.00443994,-0.164731,-0.02228,0.480723
362466954,0.00418977,-0.10106,-0.0211597,0.480723
362498949,0.00215337,-0.0525785,-0.0201674,0.480723
362526949,0.000712061,-0.0239674,-0.0196256,0.480723
362558980,-0.00310463,-0.00994835,-0.0195339,0.480723
362590947,-0.00853931,-0.0237167,-0.0193436,0.480723
362622955,-0.0116923,-0.0319575,-0.0192068,0.480723
362654975,-0.012512,-0.0382842,-0.0193322,0.480723
362686951,-0.0108312,-0.043173,-0.0191268,0.480723
362718979,-0.00770195,-0.0419509,-0.0192582,0.480972
362750949,-0.00381704,-0.0315731,-0.0188856,0.481562
362778954,-0.00083683,-0.0151389,-0.0185753,0.48198
362810947,0.000938044,0.0101357,-0.0182678,0.48279
362842947,0.00108245,0.0383837,-0.0175704,0.483922
362874986,-0.00142808,0.0650738,-0.017122,0.486925
362906949,-0.00600942,0.0853724,-0.0165471,0.487012
362938980,-0.0131888,0.0950343,-0.0161606,0.487308
362970950,-0.0216399,0.0919874,-0.0157653,0.489237
363002950,-0.0271416,0.0775608,-0.015612,0.489336
363030952,-0.0299027,0.0595003,-0.0154215,0.489207
363062952,-0.0293047,0.0392601,-0.0152563,0.48939
363094952,-0.0295685,0.0148781,-0.0148226,0.489993
363126959,-0.0276844,-0.000205583,-0.0145284,0.498721
363158981,-0.0246712,-0.00988993,-0.0139505,0.509574
363190947,-0.023606,-0.00776305,-0.0135921,0.519176
363222953,-0.0259019,0.00145507,-0.0125702,0.518645
363254950,-0.0313163,0.031057,-0.0119371,0.517959
363282961,-0.0503363,0.0644836,-0.0104739,0.51828
363314947,-0.172524,0.161738,-0.00435787,0.51934
363346948,-0.242892,0.182654,-0.0013169,0.51937
363378981,-0.314431,0.169523,0.0015268,0.519267
363410978,-0.32728,0.143277,0.00154447,0.519269
363442948,-0.33137,0.112374,0.0013229,0.519276
363474975,-0.372034,0.10219,0.00290606,0.519278
363506959,-0.355503,0.0761098,0.00201634,0.519277
363534993,-0.332971,0.0539452,0.00132652,0.519277
363566951,-0.287716,0.0173747,-6.36104e-05,0.519277
363598949,-0.253642,-0.0151809,-0.00124176,0.519277
363630950,-0.195304,-0.0400322,-0.00250091,0.519277
363662947,-0.139794,-0.0555355,-0.00397065,0.519277
363694974,-0.0961405,-0.0617008,-0.00429126,0.519277
363726949,-0.042099,-0.0692652,-0.00596975,0.519277
363758947,0.00402923,-0.0773099,-0.00714361,0.519277
363786949,0.0564462,-0.095744,-0.00939715,0.519277
363818949,0.101694,-0.115825,-0.0118908,0.518779
363850947,0.169362,-0.130748,-0.0143882,0.515427
363882954,0.181922,-0.122638,-0.0156329,0.511512
363914975,0.22097,-0.115357,-0.0170558,0.496908
363946975,0.226029,-0.113941,-0.0182256,0.490018
363978979,0.257866,-0.127963,-0.0208734,0.480602
364010947,0.234541,-0.126709,-0.0211168,0.480041
364038995,0.207307,-0.121785,-0.0217948,0.480495
364070947,0.177649,-0.114544,-0.0217759,0.481035
364102949,0.141372,-0.107537,-0.0220448,0.481824
364134950,0.111224,-0.103142,-0.021923,0.48327
364166957,0.0791255,-0.0926446,-0.0222163,0.483246
364198950,0.0550372,-0.0831642,-0.0219768,0.483148
364230949,0.0393733,-0.074941,-0.0225345,0.483123
364262947,0.0316109,-0.0702517,-0.022934,0.483134
364290951,0.0302055,-0.0637375,-0.0233032,0.483133
364322949,0.0343153,-0.0581138,-0.023704,0.483132
364354975,0.0454647,-0.0554158,-0.0242395,0.483133
364386950,0.0490232,-0.0558788,-0.024752,0.483133
364418986,0.0499373,-0.0581479,-0.0247681,0.483133
364450955,0.0464262,-0.0620764,-0.0253434,0.482884
364482953,0.0383365,-0.066498,-0.0252005,0.481547
364514950,-0.000812423,-0.0620542,-0.0247575,0.466169
364542955,-0.0313439,-0.0515252,-0.0238381,0.457828
364574950,-0.0547442,-0.033355,-0.0229013,0.454704
364606947,-0.0688034,0.0544704,-0.0216409,0.45529
364638953,-0.0647092,0.106438,-0.0209928,0.455517
364670947,-0.0233268,0.147214,-0.0209998,0.455426
364702949,0.00178488,0.132176,-0.0207952,0.45566
364734949,0.0263993,0.109165,-0.0205942,0.456679
364766947,0.0370856,0.0749538,-0.0193575,0.456718
364794956,0.0414387,0.0372948,-0.0181423,0.45665
364826947,0.0465989,-0.00789121,-0.0166801,0.459134
364858950,0.0435486,-0.0491889,-0.0143981,0.460893
364890950,0.032128,-0.0883475,-0.0122072,0.464319
364922947,0.0159006,-0.116332,-0.00908751,0.469828
364954949,-0.000364226,-0.134262,-0.00589465,0.477669
364987048,-0.0154504,-0.157549,-0.00243594,0.484982
365019047,-0.0241173,-0.159975,0.000935838,0.484794
365046951,-0.0231786,-0.183692,0.00368112,0.484264
365078988,-0.0222467,-0.1671,0.00757117,0.484302
365110955,-0.0170456,-0.150081,0.0108707,0.484345
365142951,-0.00758871,-0.127972,0.0140786,0.48434
365175051,0.00223636,-0.107365,0.0174891,0.484337
365207043,0.0107534,-0.0951624,0.0203742,0.483499
365238982,0.0156865,-0.0884254,0.0233032,0.483081
365270947,0.0163371,-0.085322,0.0264014,0.48286
365298949,0.0140085,-0.0843039,0.0289741,0.482303
365330950,0.00759214,-0.0825989,0.0319227,0.481635
365363047,-0.00011666,-0.0675965,0.0352337,0.481485
365394986,-0.00750138,-0.0669669,0.038028,0.481648
365426950,-0.0133608,-0.0682108,0.0406319,0.481413
365458947,-0.0169698,-0.0533795,0.0435961,0.481886
365490952,-0.0178805,-0.0469276,0.0453716,0.481988
365522947,-0.0169613,-0.0411611,0.0480603,0.481678
365550954,-0.0160814,-0.0444395,0.0496123,0.481083
365582947,-0.0144382,-0.0448096,0.0514103,0.480632
365614950,-0.0138688,-0.0451056,0.0530303,0.480451
365646949,-0.0144016,-0.0134561,0.0548333,0.477981
365678985,-0.01534,0.0100919,0.0560763,0.471161
365710947,-0.022585,0.0736332,0.0579367,0.446283
365742949,-0.0273045,0.0935262,0.0585542,0.439981
365774996,-0.0297602,0.0962915,0.0590902,0.438813
365802949,-0.0304376,0.0916824,0.0592774,0.441974
365834947,-0.0306619,0.060853,0.0590415,0.444539
365867750,-0.0289584,0.0250162,0.0584763,0.446816
365899777,-0.0264647,-0.00603162,0.0576046,0.449783
365931748,-0.0224316,-0.0383485,0.0569022,0.451229
365963747,-0.0179743,-0.0600272,0.0560153,0.456587
365995783,-0.0140838,-0.077884,0.0550474,0.462054
366023750,-0.0114265,-0.0868896,0.0542971,0.467102
366055783,-0.010579,-0.0719467,0.0540209,0.470426
366087753,-0.0136087,-0.0486183,0.0535421,0.470329
366119750,-0.0189845,-0.0216202,0.0529742,0.471085
366151777,-0.0240275,1.92296e-05,0.0520065,0.471163
366183938,-0.0277159,0.028484,0.0514987,0.471113
366215781,-0.0287556,0.0677886,0.0503414,0.471077
366247938,-0.0264545,0.0738045,0.0488132,0.471082
366279776,-0.0217148,0.0846881,0.0475042,0.471085
366311752,-0.0115096,0.0880492,0.0456519,0.472578
366343750,0.00907729,0.0836748,0.0442029,0.482817
366375779,0.0220346,0.0546108,0.042198,0.484932
366407747,0.0302243,0.035033,0.0406947,0.4844
366439750,0.0317534,0.0964517,0.0403618,0.484291
366467936,0.0309792,0.107848,0.0397318,0.484587
366499936,0.0279207,0.0962929,0.0386742,0.485186
366531782,0.0228566,0.0941269,0.0378398,0.485597
366563747,0.0159524,0.19094,0.0378395,0.485565
366595780,0.0108014,0.231764,0.0369786,0.485533
366627750,0.0080004,0.244607,0.0357261,0.485534
366659749,0.00742384,0.271326,0.0343728,0.485543
366691943,0.00993529,0.260135,0.0321695,0.485543
366719748,0.0141217,0.257362,0.0302242,0.485542
366751757,0.0209199,0.221449,0.0280336,0.485542
366783749,0.0285839,0.200444,0.0253211,0.485542
366815777,0.0353361,0.151431,0.0228235,0.485542
366847753,0.0406385,0.101844,0.0199548,0.485542
366879752,0.0447144,0.0587074,0.0173679,0.485542
366911752,0.046121,0.0256295,0.0141623,0.485542
366943939,0.0480586,0.00135778,0.0115685,0.485542
366971747,0.0516456,-0.0137699,0.00911108,0.485542
367003750,0.0540273,-0.0255163,0.00588422,0.485542
367035775,0.0539042,-0.0289605,0.00296105,0.485542
367067937,0.0535132,-0.0240791,-3.13119e-05,0.485542
367099750,0.0541453,-0.0152745,-0.00261964,0.484704
367131799,0.0541628,0.0015567,-0.00591769,0.484037
367163747,0.0530223,0.0333884,-0.00802035,0.48197
367195783,0.0506508,0.0444911,-0.0109275,0.480707
367223751,0.0476503,0.0472907,-0.0134853,0.479726
367255786,0.0430204,0.0519687,-0.0160487,0.478581
367287770,0.0378856,0.0501693,-0.0187365,0.478007
367319942,0.0332415,0.0403484,-0.0213893,0.477152
367351761,0.0315977,0.0318338,-0.0239866,0.470581
367383751,0.0372937,0.0247728,-0.0263008,0.464913
367415773,0.0723966,0.0115123,-0.0279571,0.451106
367447751,0.0886689,0.00161993,-0.0297089,0.446812
367479752,0.094649,-0.000827314,-0.0316697,0.446117
367507940,0.121719,-0.011792,-0.0326682,0.447052
367539911,0.148175,-0.0367268,-0.0336158,0.447068
367571752,0.156673,-0.0699988,-0.034684,0.447005
367603750,0.140298,-0.119688,-0.0359339,0.446981
367635803,0.12375,-0.12569,-0.0367681,0.446987
367667749,0.109061,-0.125662,-0.0369648,0.446988
367699756,0.0802481,-0.102319,-0.0368766,0.446988
367727780,0.0507556,-0.0737963,-0.0369791,0.447237
367759749,0.0146975,-0.0121786,-0.0370859,0.452752
367791750,0.000995625,0.027247,-0.0369225,0.462994
367823747,-0.00241032,0.0699865,-0.036745,0.485275
367855782,0.000847407,0.0884932,-0.0363033,0.486138
367887754,0.0108573,0.102647,-0.0359917,0.484163
367919749,0.0248481,0.103601,-0.0354872,0.484179
367951752,0.0389866,0.093411,-0.0348378,0.484313
367979747,0.0488821,0.0763044,-0.0343259,0.48435
368011759,0.0554149,0.0532122,-0.0335735,0.484338
368043747,0.0548369,0.0260074,-0.033072,0.484336
368075781,0.0479678,0.00117441,-0.0319824,0.484089
368107750,0.0366115,-0.0299733,-0.0310942,0.483081
368139754,0.0236253,-0.0414533,-0.0301287,0.482544
368171747,0.0105567,-0.0491455,-0.028698,0.480628
368203749,0.000783653,-0.0372007,-0.0274197,0.480549
368231753,-0.0044659,-0.0250673,-0.0261749,0.480677
368263749,-0.0059865,-0.00364153,-0.0249872,0.478655
368295747,-0.0033446,0.0232872,-0.0232847,0.473782
368327780,0.00264479,0.0446672,-0.0223387,0.466866
368359750,0.00944259,0.0498681,-0.0211619,0.45849
368391754,0.0157861,0.0564192,-0.0200225,0.458443
368423747,0.0197323,0.0594291,-0.0195018,0.459111
368455782,0.0204982,0.0562841,-0.0188165,0.459086
368483752,0.0187063,0.0503045,-0.0182802,0.45904
368515784,0.0135623,0.0375623,-0.0178465,0.459032
368547750,0.00648845,0.0295003,-0.0175592,0.459036
368579747,-0.00208914,0.0280724,-0.0171561,0.459285
368611753,-0.00990087,0.0312625,-0.0166981,0.459875
368643751,-0.0157093,0.0384594,-0.0163669,0.460332
368675780,-0.019336,0.0491267,-0.0160752,0.460264
368707750,-0.019948,0.0605889,-0.0154757,0.460233
368735775,-0.018404,0.0711752,-0.0151168,0.46024
368767755,-0.0149518,0.0817521,-0.0150496,0.460242
368799750,-0.0115576,0.0882013,-0.0147403,0.460242
368831747,-0.00816617,0.0823806,-0.0143522,0.461328
368863750,-0.00551935,0.0857831,-0.0144103,0.462336
368895805,-0.00505881,0.0719493,-0.0143798,0.465438
368927747,-0.00650401,0.0563327,-0.0142378,0.470275
368959753,-0.00885142,0.0419459,-0.0144819,0.476869
368987760,-0.0117156,0.031902,-0.0148165,0.483633
369019752,-0.0150424,0.0355584,-0.0150404,0.48357
369051783,-0.0175295,0.0424657,-0.0151737,0.483196
369083749,-0.018673,0.0376694,-0.0156631,0.483097
369115782,-0.0182505,0.0464037,-0.0158242,0.484475
369147762,-0.0168236,0.0616843,-0.0158707,0.486069
369179750,-0.0151377,0.0645654,-0.0164516,0.48719
369211750,-0.0331059,0.00870802,-0.0163596,0.48888
369239751,-0.0515661,-0.0332268,-0.0166407,0.489273
369271760,-0.0727532,-0.0843543,-0.0175306,0.489254
369303749,-0.1168,-0.165339,-0.0175959,0.489142
369335774,-0.126933,-0.200542,-0.0182135,0.489149
369367752,-0.138675,-0.207679,-0.0182581,0.489157
369399776,-0.140604,-0.231733,-0.0184001,0.489157
369431750,-0.12233,-0.262306,-0.0184004,0.489157
369463751,-0.101222,-0.378838,-0.0190561,0.489157
369495786,-0.0745794,-0.357695,-0.0190363,0.489157
369523754,-0.0530537,-0.302556,-0.0192834,0.489157
369555752,-0.0367875,-0.214188,-0.0192225,0.489157
369587749,-0.0249123,-0.131736,-0.0186986,0.489157
369619750,-0.0192252,-0.0593857,-0.0190527,0.489157
369651781,-0.0212684,-0.00132388,-0.018906,0.489157
369683747,-0.0296937,0.0386646,-0.019277,0.489157
369715780,-0.0379659,0.0564987,-0.0198546,0.491581
369747750,-0.0409241,0.0666804,-0.0204226,0.494933
369775786,-0.04175,0.0652799,-0.0209383,0.498532
369807747,-0.0386111,0.0556487,-0.0212296,0.501633
369839750,-0.0311833,0.0429273,-0.0211671,0.501414
369871750,-0.0208413,0.033219,-0.0207436,0.503834
369903753,-0.00950214,0.0310469,-0.0193364,0.5088
369935775,-0.00414027,0.0300011,-0.0179266,0.517645
369967754,0.00167677,0.0349542,-0.0154864,0.51758
369995931,0.0063677,0.0357157,-0.0134496,0.516769
370027756,0.00971516,0.036459,-0.0107888,0.516809
370059747,0.0115743,0.0291014,-0.00742191,0.516878
370091753,0.0146597,0.0300119,-0.00410746,0.516872
370123753,0.0170197,0.0304813,0.000362721,0.516866
370155780,0.016251,0.0392875,0.00478117,0.516867
370187749,0.0168492,0.0389125,0.0101277,0.516868
370219750,0.0232277,0.0102834,0.0149286,0.516867
370251787,0.0272018,-0.011945,0.0207629,0.516867
370279749,0.0249015,-0.0316074,0.0260827,0.516867
370311753,0.0209948,-0.0651065,0.0323973,0.516867
370343936,0.0178289,-0.134279,0.0386567,0.516867
370375913,0.0143358,-0.134618,0.0455835,0.51637
370407755,0.0111649,-0.119845,0.0527894,0.51519
370439747,0.00882048,-0.0989128,0.0597597,0.503309
370471750,0.00886253,-0.071177,0.0670566,0.492726
370499750,0.00916475,-0.0467693,0.0729729,0.484718
370531776,0.0112431,-0.0177726,0.0798371,0.482344
370563779,0.0120741,0.00982617,0.0865336,0.483094
370595773,0.00832596,0.0265632,0.0930649,0.483192
370627780,0.0105588,0.0414257,0.0987495,0.483127
370659782,0.0119879,0.0488015,0.104687,0.483119
370691750,0.00837123,0.048792,0.109711,0.483134
370723754,0.00955225,0.0417269,0.114826,0.483134
370755781,0.0097838,0.0310109,0.118823,0.483132
370787747,0.00736464,0.0178605,0.123674,0.483132
370819749,0.00574826,0.00527274,0.127346,0.48363
370851933,0.00719907,-0.00456724,0.131284,0.485556
370883747,0.00458666,-0.0117372,0.134292,0.489494
370915781,0.00448087,-0.0145397,0.137888,0.489476
370947754,0.00801018,-0.0159382,0.139768,0.489209
370979750,0.0141123,-0.0386552,0.142256,0.48913
371007750,0.0177324,-0.0594929,0.142935,0.489155
371039747,-0.0057867,-0.0965733,0.145424,0.489159
371071749,-0.0348169,-0.0925361,0.147393,0.489156
371103749,-0.174354,-0.0542713,0.154937,0.489157
371135752,-0.232042,-0.0193015,0.157937,0.489157
371163747,-0.251321,0.00812738,0.159142,0.489157
371199747,-0.228603,0.0239382,0.15823,0.489157
371227786,-0.196495,0.0283318,0.156309,0.489157
371259750,-0.150241,0.0324483,0.154421,0.489157
371291747,-0.0869712,0.0305781,0.150482,0.489157
371323759,-0.0294284,0.0204668,0.147265,0.489157
371355781,0.0239402,0.00853007,0.143256,0.489157
371387749,0.0918615,0.000975172,0.138608,0.489157
371419749,0.125981,-0.00885753,0.13417,0.489157
371451750,0.148957,-0.0125777,0.130099,0.489157
371483749,0.243313,-0.0161256,0.121873,0.489157
371515785,0.261217,-0.0211835,0.116169,0.489157
371547747,0.226999,-0.0168195,0.112858,0.489157
371579773,0.173697,-0.0151394,0.109117,0.489157
371611793,0.122434,-0.0128303,0.105964,0.489157
371643747,0.0764306,-0.018078,0.101443,0.489157
371675782,0.0393038,-0.0258641,0.0973922,0.489157
371703750,0.0188251,-0.0338926,0.0933124,0.489157
371735750,0.0102956,-0.0406486,0.0880038,0.488069
371767751,0.00785143,-0.0475484,0.0836882,0.486812
371799749,0.0126816,-0.0551361,0.0781863,0.485376
371831751,0.0237618,-0.0641316,0.0734422,0.485437
371863784,0.0366319,-0.0712929,0.0680446,0.48556
371895774,0.0475693,-0.0758201,0.0632355,0.48555
371927750,0.0511355,-0.0776132,0.0585121,0.485293
371959760,0.0419517,-0.0769282,0.0540538,0.483446
371987755,0.0314394,-0.0704658,0.0504823,0.482492
372019749,0.00621976,-0.0509107,0.0471775,0.480605
372051936,-0.0291162,-0.0361681,0.0434503,0.480558
372083749,-0.0974704,0.00489789,0.0420755,0.479654
372115781,-0.132713,0.0280385,0.0384953,0.478642
372147935,-0.16108,0.0515476,0.0353486,0.478172
372179749,-0.235648,0.130446,0.0343684,0.478298
372207749,-0.266627,0.201555,0.0323957,0.477584
372239789,-0.279459,0.296673,0.0302873,0.474065
372271749,-0.286526,0.47821,0.0297315,0.464789
372303747,-0.21705,0.460852,0.0247956,0.464301
372335759,-0.117355,0.396773,0.019193,0.465331
372367751,0.0101994,0.306533,0.0128417,0.468481
372399750,0.0676109,0.205542,0.00881157,0.469419
372431752,0.117069,0.103818,0.00509365,0.471188
372459749,0.148687,0.0220674,0.00248982,0.471241
372491750,0.181324,-0.0569818,0.000259313,0.471906
372523753,0.173159,-0.11549,-0.00126156,0.472079
372555779,0.159244,-0.148219,-0.00266902,0.47154
372587746,0.189256,-0.0878353,-0.0018371,0.470985
372619785,0.159626,-0.0392252,-0.00206785,0.470555
372651747,0.116847,-0.0157855,-0.00327782,0.465566
372683750,0.0828941,0.0015813,-0.00460756,0.462799
372715785,0.0641434,0.038128,-0.00611446,0.460819
372743747,0.0421591,0.0789268,-0.00720655,0.461772
372775780,0.0269227,0.117654,-0.00916776,0.462685
372807750,0.0234092,0.144862,-0.0113232,0.463084
372839747,0.027432,0.153552,-0.0135855,0.466475
372871788,0.0324351,0.105141,-0.0168991,0.472052
372903747,0.0398532,0.0769039,-0.0197053,0.482528
372935787,0.0462722,0.0434671,-0.0222526,0.483852
372963749,0.0511885,0.0325918,-0.0245389,0.483134
372995782,0.0543974,0.0103623,-0.0269229,0.483058
373027754,0.0525357,-0.00242233,-0.0293895,0.483354
373059747,0.0433815,-0.0221318,-0.0313893,0.484396
373091783,0.0307835,-0.0366402,-0.0335541,0.48443
373123780,0.0170818,-0.0335978,-0.0354641,0.484328
373155773,0.00262398,-0.0260182,-0.0371694,0.484329
373187787,-0.00962834,-0.0261446,-0.0385632,0.4835
373215773,-0.017233,-0.0280014,-0.0398741,0.483081
373247752,-0.0211553,-0.0290105,-0.0415505,0.483042
373279751,-0.0206207,-0.0299108,-0.0423539,0.483142
373311751,-0.0166545,-0.0328466,-0.0435612,0.483141
373343747,-0.0109545,-0.0572906,-0.0446723,0.483131
373375782,-0.00581866,-0.0826888,-0.0456555,0.483132
373407750,-0.00204244,-0.104926,-0.0463151,0.483133
373439773,0.000114897,-0.115663,-0.047362,0.483133
373467747,-0.00230408,-0.109107,-0.0479081,0.483133
373499750,-0.0084301,-0.0976043,-0.0480232,0.483133
373531749,-0.0158566,-0.0817635,-0.0487563,0.483133
373563749,-0.02027,-0.0600449,-0.0490148,0.483133
373595783,-0.0237641,-0.037471,-0.0490394,0.483133
373627783,-0.031354,-0.0180142,-0.049004,0.483133
373659747,-0.0350723,-0.000952143,-0.0492029,0.483133
373691749,-0.0347109,0.020939,-0.0486739,0.483133
373723753,-0.0326967,0.0286936,-0.0488608,0.482884
373755774,-0.0293302,0.0431026,-0.048755,0.47995
373787750,-0.0233545,0.0471838,-0.0484232,0.476494
373819782,-0.0122875,0.0554153,-0.0484155,0.464528
373851776,-0.00957956,0.0444914,-0.0484467,0.462085
373883749,-0.00939549,0.0314162,-0.0482173,0.462074
373915780,-0.0102337,0.0303738,-0.0479089,0.462726
373943747,-0.0122641,0.0272245,-0.0477125,0.462698
373975783,-0.0151189,0.0259187,-0.046922,0.462642
374007749,-0.0193758,0.0356867,-0.0458082,0.462647
374039781,-0.0237252,0.0511158,-0.0447843,0.4629
374071755,-0.027764,0.059322,-0.043531,0.464405
374103752,-0.0294132,0.061663,-0.0421726,0.468112
374135776,-0.0240037,0.0661194,-0.0403508,0.482359
374167753,-0.0235353,0.0724593,-0.038927,0.484288
374195750,-0.0224978,0.0751456,-0.0375975,0.483711
374227749,-0.0211771,0.0726039,-0.0358056,0.483015
374259752,-0.020004,0.0611855,-0.034456,0.483091
374291946,-0.0203323,0.048326,-0.0327743,0.483144
374324560,-0.0219441,0.0363156,-0.0309047,0.483135
374356619,-0.0253243,0.0269597,-0.0292108,0.483132
374388603,-0.0290717,0.0224015,-0.0269232,0.483132
374420552,-0.0326837,0.0169924,-0.0253152,0.483133
374452548,-0.0369002,0.0185606,-0.0231838,0.483133
374484556,-0.0405892,0.0260087,-0.0211265,0.483133
374516602,-0.0431184,0.0356711,-0.0194472,0.483133
374548585,-0.0434326,0.0386528,-0.017649,0.483133
374580554,-0.0415505,0.0373101,-0.0161903,0.483133
374612556,-0.0387369,0.0279739,-0.0151473,0.483133
374640554,-0.0350134,0.0293062,-0.0139039,0.483133
374672555,-0.0320098,0.0281772,-0.0130527,0.483133
374704547,-0.0308239,0.018992,-0.0122547,0.483133
374736626,-0.0303709,0.0126099,-0.0115397,0.483133
374768550,-0.0315167,0.00676275,-0.0110956,0.483133
374800555,-0.034389,-0.000961512,-0.0102201,0.483133
374832547,-0.0384077,-0.015476,-0.00988844,0.483133
374864555,-0.0436333,-0.01508,-0.0092164,0.483133
374892556,-0.0483811,-0.0150129,-0.00848704,0.483133
374924551,-0.046671,-0.0151304,-0.00785789,0.483133
374956631,-0.0473432,-0.00523104,-0.00734762,0.483133
374988553,-0.0515058,0.00686458,-0.00672934,0.482884
375020553,-0.0458675,0.0169003,-0.00672692,0.482045
375052548,-0.0338111,0.0169701,-0.00634478,0.48058
375084547,-0.0278601,0.0117225,-0.00687061,0.48036
375116603,-0.0226744,-0.0189141,-0.00733096,0.473299
375144555,-0.0206538,-0.0378562,-0.0078113,0.4652
375176550,-0.0240039,-0.0709889,-0.00891975,0.455897
375208576,-0.0233904,-0.0680355,-0.00927274,0.456235
375240550,-0.0241715,-0.0566597,-0.00966325,0.457371
375272553,-0.0272791,-0.0413738,-0.0100869,0.459651
375304556,-0.0317311,-0.0246268,-0.0106413,0.460867
375336624,-0.0368389,-0.000104073,-0.0108499,0.462789
375368567,-0.0409756,0.0221997,-0.0110471,0.462813
375396554,-0.0442546,0.0376753,-0.0114708,0.465801
375428579,-0.046285,0.0516287,-0.0120318,0.472173
375460550,-0.0462735,0.0602393,-0.0125752,0.479739
375492548,-0.0386586,0.0632887,-0.0133168,0.484035
375524596,-0.0310912,0.0610926,-0.0140335,0.48334
375556555,-0.024949,0.0483575,-0.014765,0.483055
375588554,-0.019429,0.0325054,-0.015537,0.483123
375620565,-0.0158128,0.0177864,-0.0160131,0.483144
375648555,-0.0192552,0.0100476,-0.0165198,0.483133
375680553,-0.0199091,0.0111008,-0.0169987,0.483131
375712575,-0.0216583,0.0176345,-0.0169485,0.483133
375744548,-0.0254086,0.0317084,-0.0171891,0.483133
375776626,-0.0301533,0.0375054,-0.0171108,0.483133
375808548,-0.0318935,0.0297205,-0.0169564,0.483133
375840554,-0.0288439,0.00831732,-0.0170424,0.483133
375872585,-0.0233183,-0.0908059,-0.0169766,0.483133
375900554,-0.0205434,-0.143981,-0.0168564,0.483133
375932553,-0.0168974,-0.166896,-0.016546,0.483133
375964547,-0.01161,-0.218613,-0.0159841,0.483133
375996619,-0.00429679,-0.25872,-0.0153541,0.483133
376028552,0.000669041,-0.270381,-0.0144743,0.483133
376060549,-0.00253061,-0.230943,-0.0132221,0.483133
376092550,-0.00593935,-0.162625,-0.0116506,0.483133
376124556,-0.00902242,-0.101047,-0.0101623,0.483133
376152554,-0.0126963,-0.0553526,-0.00890646,0.483133
376184555,-0.0163227,-0.00793078,-0.00745186,0.483133
376216621,-0.0178312,0.0245037,-0.00593493,0.483133
376248550,-0.0171345,0.0395619,-0.00520462,0.483133
376280551,-0.0156614,0.0224672,-0.0042708,0.483133
376312552,-0.0133546,0.0176341,-0.00363143,0.483381
376344549,-0.0101504,0.00433229,-0.00319901,0.484887
376376631,-0.0027347,-0.0196431,-0.00253861,0.486603
376404556,0.00247902,-0.0505014,-0.00232947,0.488551
376436630,0.00705946,-0.0943306,-0.00209506,0.489377
376468548,0.0091606,-0.102413,-0.00105505,0.489184
376500550,0.00845245,-0.150431,-0.000753056,0.489139
376532556,0.00514826,-0.144418,0.000505094,0.489157
376564547,0.000116179,-0.146164,0.00144544,0.490743
376596648,-0.0056048,-0.125121,0.00268649,0.493427
376628559,-0.011445,-0.0984591,0.00412489,0.496895
376656627,-0.0152388,-0.086106,0.00494681,0.501655
376688552,-0.0164781,-0.0623328,0.00672403,0.502078
376720547,-0.00957032,-0.0803386,0.00732313,0.511958
376752547,-0.00217629,-0.0805966,0.00886096,0.51809
376784549,0.0059003,-0.0956198,0.00972827,0.522734
376816553,0.01413,-0.0886337,0.0114275,0.523151
376848547,0.0218003,-0.0842162,0.0128259,0.522888
376880557,0.0269522,-0.0735129,0.0149108,0.522616
376908558,0.0284013,-0.0649229,0.0165382,0.521546
376940549,0.0263272,-0.0581259,0.0186682,0.519085
376972579,0.0197826,-0.0464773,0.0209676,0.519072
377004552,0.00706729,-0.0308879,0.0238464,0.517377
377036628,0.000887527,-0.0138668,0.0265572,0.515693
377068550,-0.00273936,-0.000440052,0.0292804,0.514592
377100550,-0.00512722,0.00582007,0.0322257,0.504416
377132594,-0.00819874,0.00271029,0.0354296,0.49226
377164551,-0.0378033,-0.0221399,0.0396565,0.481511
377196645,-0.0878146,-0.0394876,0.0457473,0.482446
377228556,-0.201777,-0.0490421,0.0544056,0.486304
377260556,-0.223489,-0.056752,0.0591142,0.488626
377292556,-0.219608,-0.0639313,0.0623087,0.489519
377324557,-0.175489,-0.069024,0.0644303,0.489174
377356637,-0.128912,-0.0728117,0.066542,0.489116
377388552,-0.070065,-0.0734216,0.0686407,0.489158
377420549,-0.020108,-0.0732215,0.071258,0.489161
377452547,0.0365782,-0.0762309,0.072978,0.489405
377484549,0.0714627,-0.0755571,0.076415,0.490493
377516606,0.102165,-0.0825304,0.0783662,0.492837
377548547,0.129773,-0.111542,0.0805838,0.497834
377580556,0.115318,-0.120774,0.0839259,0.498791
377608553,0.0920597,-0.127355,0.0874667,0.498865
377640549,0.0616568,-0.1222,0.0914465,0.498784
377672586,0.0295458,-0.114217,0.0950438,0.498778
377704550,-0.00281507,-0.105018,0.0992047,0.498797
377736625,-0.021179,-0.0950085,0.102095,0.498797
377768549,-0.0292535,-0.0822939,0.104847,0.498795
377800550,-0.0273621,-0.0639272,0.107033,0.498795
377832579,-0.0180983,-0.0348569,0.109311,0.498795
377860558,-0.00542995,-0.0306129,0.109996,0.498795
377892547,0.0164703,-0.0263455,0.111444,0.497118
377924549,0.0347558,-0.0240539,0.111407,0.496282
377956625,0.0564078,-0.0237881,0.111854,0.496339
377988547,0.0701532,-0.0365357,0.111768,0.496404
378020549,0.0735843,-0.0544672,0.111055,0.496388
378052550,0.0593215,-0.0681585,0.111709,0.496383
378084554,0.0308471,-0.0777924,0.111845,0.496137
378112553,0.00765851,-0.0848176,0.112542,0.494801
378144550,-0.026086,-0.0826839,0.111995,0.490871
378176626,-0.126911,-0.0395947,0.116442,0.480796
378208550,-0.188565,0.000561588,0.118414,0.479922
378240555,-0.249381,0.082084,0.120575,0.480765
378272637,-0.222478,0.0911225,0.118421,0.480799
378304547,-0.174998,0.0990765,0.114758,0.481554
378336628,-0.126956,0.0906627,0.110995,0.481973
378364553,-0.0783327,0.0819712,0.107637,0.481952
378396553,-0.0236117,0.062435,0.103302,0.481919
378428559,0.033409,0.0532748,0.0991314,0.481927
378460556,0.0789521,0.0130378,0.0943664,0.481929
378492549,0.14426,-0.0341368,0.0876323,0.482766
378524559,0.156892,-0.0695709,0.0836215,0.483184
378556622,0.15887,-0.0984312,0.07875,0.483156
378588553,0.140633,-0.124705,0.0748809,0.483123
378616606,0.11832,-0.140437,0.0710664,0.483125
378648550,0.08156,-0.140376,0.0680824,0.483131
378680579,0.0476819,-0.0913474,0.0652289,0.483133
378712579,0.0197828,-0.0201949,0.0622909,0.483133
378744552,0.00696903,0.0544193,0.0595336,0.483132
378776625,0.0567347,0.180663,0.0544136,0.483133
378808550,0.108451,0.270873,0.049748,0.483133
378840553,0.153266,0.461241,0.0464528,0.483381
378868555,0.159123,0.484788,0.0431061,0.483971
378900547,0.171784,0.463557,0.0380069,0.484428
378932549,0.167096,0.380216,0.0323583,0.48461
378964549,0.153438,0.273875,0.0267565,0.486425
378996622,0.124977,0.162317,0.0208452,0.486889
379028549,0.0875704,0.0720041,0.0157804,0.48736
379060550,0.0484234,0.0120652,0.0106173,0.488439
379092555,0.0126301,-0.0131925,0.00599496,0.490168
379120558,-0.0135575,-0.0632456,0.00102008,0.49046
379152549,-0.0331752,-0.0923575,-0.00318046,0.49037
379184549,-0.0431248,-0.0776714,-0.00747394,0.49035
379216619,-0.0433379,-0.034533,-0.0115328,0.490356
379248549,-0.0365351,0.0267934,-0.0145557,0.490363
379280585,-0.0250824,0.0492257,-0.0183884,0.490362
379312553,-0.011364,0.06075,-0.0217865,0.490361
379344556,-0.000179526,0.0669926,-0.0253671,0.490361
379372553,0.00335453,0.0652604,-0.0282561,0.490361
379404550,0.00349746,0.0498821,-0.031429,0.490361
379436627,-0.00168986,0.0364129,-0.0349796,0.490361
379468547,-0.0107354,0.019858,-0.0376484,0.490361
379500552,-0.0216571,0.00741827,-0.0408234,0.490361
379532551,-0.0326672,0.0223503,-0.0436702,0.490361
379564549,-0.0428752,0.0052511,-0.0463175,0.490361
379596615,-0.0513329,-0.00996428,-0.0487299,0.490361
379624553,-0.055255,0.00999712,-0.0507916,0.488527
379656602,-0.0569822,0.0113616,-0.0525905,0.48127
379688587,-0.0549126,0.0029878,-0.054398,0.436134
379720558,-0.0488302,-0.00108772,-0.0557269,0.413515
379752555,-0.0396403,0.0083194,-0.0568936,0.401567
379784558,-0.0286967,0.00781536,-0.057775,0.40479
379816630,-0.0162944,0.0110751,-0.0584111,0.408681
379848556,-0.00507942,0.0403281,-0.0588824,0.413152
379876556,0.00201925,0.0520831,-0.059211,0.420332
379908550,0.00646346,0.0578738,-0.0595246,0.434555
379940586,0.0148189,0.0772453,-0.0594433,0.44994
379972575,0.0213948,0.0715268,-0.0595633,0.449196
380004550,0.0199527,0.0577092,-0.0597163,0.448221
380036625,0.00682877,0.0487726,-0.0600027,0.448119
380068547,0.00211616,0.0387989,-0.0601589,0.448202
380100553,-0.000240473,0.050124,-0.0600144,0.448198
380128591,-0.00429346,0.0582313,-0.0601124,0.44844
380160550,-0.00726419,0.0653934,-0.0602929,0.449279
380192582,-0.00955026,0.0695935,-0.0605237,0.451584
380224551,-0.0121125,0.0566402,-0.0608544,0.452222
380256617,-0.00863402,0.0479845,-0.0607449,0.45307
380288579,-0.00813879,0.0369381,-0.0607842,0.453334
380320547,-0.00923966,0.0227733,-0.0608878,0.464951
380352553,-0.00889621,0.0114174,-0.0607523,0.478022
380380555,-0.00409823,0.00373922,-0.0603736,0.486022
380412549,-0.00388787,-0.00156209,-0.0597518,0.484722
380444549,0.00401259,-0.000951217,-0.0589572,0.48415
380476621,0.0509823,0.0198654,-0.0570996,0.484321
380508580,0.0741776,0.0378194,-0.0553482,0.48436
380540552,0.0912455,0.05455,-0.0540077,0.484349
380572548,0.102228,0.0699176,-0.0528555,0.484335
380604557,0.10836,0.0745235,-0.0514736,0.484336
380632587,0.119797,0.0742244,-0.0499909,0.484337
380664547,0.106516,0.0689079,-0.0491281,0.484337
380696549,0.0723827,0.0562765,-0.0486655,0.484337
380728575,0.0353068,0.0218233,-0.048015,0.484337
380760554,0.00611196,0.00234998,-0.0478243,0.484337
380792551,-0.0149464,-0.0136621,-0.0468296,0.484337
380824547,-0.0252525,-0.0281892,-0.0460657,0.484337
380856637,-0.0289403,-0.0389035,-0.0455027,0.484337
380884559,-0.0348075,-0.0466253,-0.0450198,0.484337
380916552,-0.0316904,-0.0443843,-0.0439489,0.484337
380948557,-0.0216701,-0.0365713,-0.0435889,0.484337
380980549,-0.0163753,-0.0237448,-0.0428515,0.485425
381012550,-0.00749944,-0.00508937,-0.0423553,0.486433
381044571,0.00232506,-0.0106595,-0.0419316,0.486861
381076555,0.00818073,-0.024272,-0.0414972,0.486481
381108584,0.00953558,-0.0161629,-0.0412604,0.485402
381136625,0.00858616,-0.013451,-0.0409365,0.483315
381168550,0.00477746,-0.0163445,-0.0405506,0.481262
381200549,-0.00142027,-0.0508481,-0.040256,0.480254
381232547,0.00301773,-0.0783324,-0.0398126,0.474654
381264547,0.0191501,-0.0788505,-0.0390748,0.465902
381296607,0.0810329,-0.10044,-0.0375778,0.44505
381328573,0.106287,-0.0915728,-0.0371783,0.44295
381356627,0.118379,-0.0724425,-0.0367212,0.444133
381388553,0.117893,-0.042441,-0.0367183,0.445994
381416626,0.118002,-0.0156402,-0.0368079,0.445921
381448549,0.12191,0.0136028,-0.0367783,0.446598
381480573,0.108461,0.0392209,-0.0368735,0.447029
381512552,0.0918915,0.0552778,-0.0372257,0.44708
381544547,0.0681158,0.0609915,-0.0377439,0.44698
381576627,0.0445629,0.069076,-0.0383079,0.447229
381608554,0.0116173,0.0653178,-0.0392052,0.448992
381640558,-0.0170538,0.0561117,-0.0404963,0.4508
381668555,-0.0497682,0.0483084,-0.0416998,0.452071
381700547,-0.0610236,0.0416462,-0.0428547,0.45187
381732550,-0.0740683,0.0364195,-0.0443032,0.451779
381764555,-0.0932996,0.0344945,-0.0457991,0.451804
381796557,-0.0876735,0.0437057,-0.0470713,0.45206
381828554,-0.0874618,0.0715575,-0.0484063,0.453064
381860553,-0.0606621,0.0822262,-0.0490243,0.454347
381892558,-0.031584,0.0843148,-0.0496736,0.470751
381920555,-0.0106234,0.0787266,-0.0503093,0.480854
381952547,0.00568107,0.061262,-0.050981,0.484715
381984547,-0.0187909,-0.0262722,-0.0520203,0.483204
382016549,-0.034225,-0.0735098,-0.0527991,0.482957
382048547,-0.0500587,-0.150879,-0.0532038,0.483976
382080552,-0.0547314,-0.159203,-0.0534483,0.484407
382112552,-0.0695099,-0.145744,-0.0529259,0.484683
382144556,-0.114251,-0.184748,-0.0530251,0.487509
382172557,-0.116495,-0.176907,-0.0527149,0.488977
382204552,-0.0979254,-0.13051,-0.0518592,0.489287
382236619,-0.0753335,-0.073551,-0.051333,0.489154
382268552,-0.0493679,-0.0257,-0.0511452,0.48913
382300549,-0.0282179,0.00923169,-0.0508568,0.489158
382332582,-0.00596994,0.0419042,-0.0512784,0.489159
382364549,0.0074052,0.047634,-0.0517707,0.489156
382396628,0.0157509,0.039542,-0.0526867,0.489156
382424560,0.0184636,0.0193177,-0.0537888,0.489405
382456621,0.01624,-0.000970456,-0.0544636,0.491999
382488558,0.00903068,-0.00771318,-0.0553441,0.494474
382520557,-0.000424212,-0.0178233,-0.0559575,0.496724
382552556,-0.00898679,-0.0247881,-0.0567291,0.49653
382584574,-0.0147813,-0.0726693,-0.0576635,0.497191
382616554,-0.0152666,-0.0934857,-0.059004,0.497633
382648553,-0.0103423,-0.108056,-0.0597235,0.496778
382680550,-0.000574902,-0.0804977,-0.0608393,0.496574
382708577,0.01185,-0.0642357,-0.0615262,0.497617
382740549,0.0270776,-0.044493,-0.0625343,0.497691
382772586,0.0377089,-0.032206,-0.0632691,0.496744
382804553,0.0407946,0.00659248,-0.0642971,0.496324
382836625,0.0370186,0.0400249,-0.0648376,0.496293
382868549,0.0272704,0.0478769,-0.0659955,0.496395
382900553,0.0125426,0.0198482,-0.067044,0.495548
382928587,-0.000574877,0.0139194,-0.0677047,0.494879
382960552,-0.0128481,0.0182698,-0.0683943,0.494251
382992547,-0.016922,0.0119654,-0.0691453,0.493894
383024553,-0.0221934,-0.00639175,-0.0696963,0.493961
383056620,-0.0228592,-0.0488251,-0.0703306,0.493983
383089353,-0.0171063,-0.0591102,-0.0707899,0.493976
383117378,-0.0100311,-0.0896398,-0.0708041,0.493975
383149349,0.0010428,-0.0895617,-0.0707995,0.493976
383181349,0.0126438,-0.0963984,-0.0704149,0.493478
383213377,0.0234174,-0.0817065,-0.0693832,0.490805
383245352,0.0305569,-0.0633222,-0.0682592,0.486182
383277383,0.0328728,-0.0655162,-0.066732,0.48224
383309347,0.0322663,-0.0574413,-0.0650482,0.481333
383341347,0.0284778,-0.038479,-0.0628678,0.481478
383369347,0.0226198,-0.0277996,-0.0611302,0.481878
383401347,0.0158655,-0.0309322,-0.0586832,0.481963
383433352,0.00928996,-0.0283933,-0.0561747,0.481927
383465352,0.00343674,-0.0320843,-0.0538062,0.481921
383497374,-0.00504313,-0.0653196,-0.0505266,0.482177
383529380,-0.00626178,-0.0917985,-0.0482116,0.483016
383561352,-0.00251216,-0.115228,-0.045347,0.484521
383593347,0.00378665,-0.119102,-0.0425987,0.488642
383621353,0.00633111,-0.0997493,-0.0399267,0.489456
383653354,-0.00668039,-0.0743604,-0.0356849,0.489176
383685353,-0.0262625,-0.0460746,-0.0312495,0.489122
383717349,-0.151505,0.0119606,-0.0209349,0.489157
383749347,-0.230022,0.0676853,-0.0129769,0.48916
383781352,-0.2723,0.10601,-0.00695972,0.489158
383813377,-0.274086,0.123864,-0.00345349,0.489156
383845350,-0.238106,0.116261,-0.00169651,0.489157
383877381,-0.19225,0.0968881,-0.000672339,0.489157
383905350,-0.146657,0.0733127,0.000499291,0.489157
383937382,-0.0925257,0.042275,0.00183043,0.489157
383969357,-0.0418142,0.00680724,0.00284809,0.489157
384001383,-0.00289279,-0.0211079,0.00436886,0.489157
384033382,0.0233476,-0.0392414,0.00618389,0.489157
384065355,0.0365457,-0.0501006,0.00775762,0.489157
384097350,0.0526135,-0.0634077,0.00850983,0.489157
384125349,0.0685663,-0.0667654,0.00914816,0.489157
384157358,0.0861546,-0.0688915,0.00909198,0.489157
384189349,0.175919,-0.111008,0.00478117,0.489157
384221376,0.203273,-0.126345,0.00376434,0.489157
384253355,0.201044,-0.123495,0.00477013,0.488908
384285355,0.156706,-0.104036,0.00762384,0.4879
384317350,0.110469,-0.0891985,0.0109097,0.487861
384349349,0.066491,-0.0875174,0.0130898,0.487122
384381360,0.0268423,-0.0788373,0.0155724,0.486703
384413355,-0.0522008,-0.0460069,0.020829,0.486722
384445351,-0.0965344,-0.0311296,0.0235849,0.486755
384477388,-0.131717,-0.0215628,0.0269597,0.486748
384509350,-0.128732,-0.0234772,0.0276565,0.486497
384541355,-0.14188,-0.0156297,0.0303855,0.485241
384573386,-0.141928,-0.00956614,0.0322318,0.484364
384601385,-0.139344,-0.000599821,0.033798,0.482926
384633349,-0.128926,0.000164145,0.0358308,0.480513
384665352,-0.11172,-0.0120091,0.0365073,0.480528
384697349,-0.119011,0.00692522,0.0389921,0.48075
384729384,-0.113987,0.0181273,0.040691,0.480739
384761347,-0.0961072,0.0262513,0.0415548,0.48072
384793383,-0.0751343,0.0197093,0.0417684,0.480722
384825354,-0.0574203,0.0095962,0.0420666,0.480723
384853375,-0.055533,0.00170533,0.0430935,0.480723
384885349,-0.0545484,-0.0076494,0.0441101,0.480723
384917375,-0.0523133,-0.0190688,0.045684,0.480972
384949358,-0.05249,-0.0320614,0.046847,0.481562
384981350,-0.0695467,-0.0398326,0.0495875,0.482019
385013350,-0.0874753,-0.0452725,0.0526314,0.481951
385045347,-0.108044,-0.0417799,0.0560234,0.48192
385077370,-0.113052,-0.0278709,0.0593865,0.482175
385109350,-0.101372,0.0411483,0.0635504,0.483185
385137383,-0.0879125,0.0561855,0.0658573,0.483223
385169349,-0.0743349,0.051888,0.0689161,0.483156
385201376,-0.0606978,0.030917,0.0708775,0.483125
385233351,-0.0457934,0.00480806,0.0731786,0.483131
385265349,-0.0222896,-0.024638,0.0751024,0.483382
385297374,-0.00482085,-0.0533142,0.0770208,0.483971
385329354,0.0193718,-0.0695307,0.0796904,0.484389
385357375,0.0801298,-0.0414465,0.08127,0.485107
385389354,0.0996025,-0.039264,0.0839611,0.487093
385421378,0.195282,0.0274401,0.0855766,0.48948
385453352,0.263184,0.0819401,0.0871664,0.489319
385485351,0.313573,0.167401,0.0889865,0.489124
385517374,0.275812,0.180451,0.0913672,0.489145
385549347,0.228688,0.204036,0.0928496,0.48916
385581383,0.179524,0.195869,0.0937602,0.489157
385609350,0.135375,0.183142,0.0935364,0.489156
385641351,0.0850311,0.157632,0.0933772,0.489157
385673349,0.039923,0.0947725,0.0912034,0.489157
385705350,0.00655398,0.0245321,0.0892164,0.489157
385737379,-0.0129405,-0.0498189,0.0860785,0.489157
385769356,-0.0193607,-0.126606,0.0828598,0.489157
385801349,-0.016472,-0.211179,0.0797897,0.489157
385833349,-0.0086056,-0.235517,0.0763879,0.489157
385861353,-0.00486496,-0.223017,0.0740325,0.489157
385893346,-0.0115024,-0.134942,0.0719742,0.489157
385925366,-0.0117877,-0.066495,0.069567,0.489157
385957385,-0.0128381,-0.00929767,0.067354,0.489157
385989349,-0.0158245,0.0201961,0.0642975,0.489157
386021361,-0.0231254,0.0403818,0.0611761,0.489157
386053375,-0.0325898,0.0478192,0.0573414,0.486392
386085361,-0.0416497,0.0516657,0.0533622,0.484299
386113350,-0.0474373,0.0609259,0.0495867,0.483174
386145355,-0.0491199,0.0828778,0.0451905,0.483046
386177346,-0.0449516,0.0409271,0.0402903,0.482893
386209347,-0.0383724,0.0563318,0.0358429,0.481043
386241349,-0.0278768,0.0675727,0.0316472,0.480578
386273369,-0.0171298,0.0812317,0.0275608,0.480708
386305352,-0.00691697,0.0827946,0.0234576,0.48074
386337353,0.00109474,0.113046,0.0199329,0.480483
386365347,0.00865615,0.19596,0.0173804,0.479464
386397351,0.0177878,0.195663,0.0138974,0.479427
386429362,0.0196868,0.197279,0.00975971,0.479495
386461349,0.00583692,0.246448,0.00690545,0.479526
386493351,-0.00770704,0.238133,0.00326018,0.479519
386525418,-0.0194069,0.205187,-0.000586366,0.479517
386557374,-0.024859,0.162156,-0.00398904,0.479518
386589385,-0.0317444,0.12012,-0.00763252,0.479518
386617374,-0.0365766,0.0886223,-0.0106474,0.479518
386649355,-0.0355055,0.0537256,-0.0143871,0.479518
386681347,-0.0305826,0.0559641,-0.0169381,0.474265
386713349,-0.0223997,0.0566057,-0.0200983,0.464034
386745349,-0.0148643,0.0641533,-0.0225239,0.444821
386777352,-0.0118277,0.0624313,-0.0253664,0.44318
386809347,-0.0112045,0.0628887,-0.0274523,0.444893
386841349,-0.0126962,0.0670285,-0.0296338,0.4458
386869353,-0.0150703,0.0709105,-0.0314951,0.447118
386901355,-0.0183661,0.072959,-0.0332402,0.44709
386933354,-0.0209225,0.0722528,-0.0349625,0.447
386965354,-0.0223314,0.069618,-0.0365875,0.448316
386997362,-0.021945,0.0655456,-0.0381479,0.450171
387029354,-0.0186374,0.0708852,-0.0394765,0.452065
387061358,-0.0133731,0.0780008,-0.0404762,0.452931
387093351,-0.00559758,0.138056,-0.0408568,0.466411
387121349,0.00168742,0.155235,-0.0412718,0.478606
387153356,0.0100644,0.155977,-0.0417932,0.485481
387185359,0.0221375,0.146873,-0.041872,0.484684
387217353,0.0295413,0.130831,-0.0418424,0.484163
387249349,0.0331555,0.0997653,-0.0420231,0.484323
387281378,0.0352564,0.0698529,-0.0416046,0.484358
387313349,0.0362542,0.0493687,-0.0407504,0.484348
387345349,0.0808375,0.0406039,-0.0386011,0.484335
387373377,0.161323,0.0354714,-0.0349433,0.484337
387405352,0.169871,0.0330478,-0.0329833,0.484338
387437392,0.163056,0.0313448,-0.0315211,0.484337
387469347,0.175427,0.0225672,-0.0291217,0.484337
387501381,0.153754,0.028387,-0.0268359,0.484337
387533380,0.119697,0.0198614,-0.0252079,0.484337
387565347,0.0797615,-0.0172274,-0.0233757,0.484337
387597354,0.0485928,-0.00534497,-0.0209959,0.484337
387625352,0.0260914,0.0116764,-0.0191877,0.484337
387657381,0.0102356,0.0320909,-0.0169961,0.484337
387689350,0.00733489,0.0370828,-0.0147755,0.484337
387721347,0.00685761,0.0307169,-0.012973,0.484337
387753357,0.00995103,0.0387061,-0.0109816,0.484337
387785347,0.00935431,0.0472836,-0.00948809,0.484337
387817373,0.0233687,0.0533499,-0.00721899,0.484337
387849349,0.0347355,0.0591207,-0.00516757,0.484337
387877375,0.0384362,0.0648656,-0.00332484,0.484337
387909360,0.0365759,0.0714633,-0.000916172,0.484337
387941354,0.0303455,0.0729447,0.00120374,0.484337
387973354,0.025732,0.0755908,0.00338131,0.484337
388005359,0.0231418,0.0773221,0.00582075,0.484088
388037387,0.0360035,0.0638764,0.00815905,0.481403
388073349,0.0874239,0.0390904,0.0118794,0.480518
388101381,0.131451,0.00724067,0.0144875,0.480436
388133354,0.164029,-0.0252209,0.0171436,0.47991
388165355,0.177049,-0.0451419,0.0196032,0.479428
388197352,0.160982,-0.0266995,0.0213113,0.479492
388229382,0.126603,-0.00253673,0.0232098,0.480365
388261353,0.0867206,0.0238804,0.0248886,0.480813
388293349,0.0543883,0.0545083,0.0267148,0.480746
388325362,0.0246952,0.0820771,0.028754,0.480714
388357383,0.0030006,0.101492,0.0302748,0.480971
388389385,-0.00763283,0.107178,0.0323127,0.481563
388421384,-0.0113585,0.0975605,0.0335145,0.48198
388453355,-0.0317086,0.0531877,0.0350434,0.481951
388485360,-0.0388256,0.015041,0.0357581,0.481919
388517352,-0.0477818,-0.0438076,0.0366818,0.481927
388549355,-0.0318108,-0.0451602,0.0373641,0.481928
388581352,-0.017048,-0.0350111,0.0380806,0.481928
388609350,-0.00820085,-0.0216147,0.038893,0.481928
388641349,-0.0111885,0.00322474,0.0395703,0.481928
388673375,-0.0119538,0.0312034,0.0406017,0.481928
388705352,-0.0120069,0.0593763,0.041366,0.481928
388737381,-0.0225721,0.0342349,0.0421815,0.481928
388769347,-0.0321468,-0.0259165,0.0432204,0.481928
388801351,-0.0366645,-0.0912019,0.0434083,0.481928
388829345,-0.0335119,-0.108514,0.0440871,0.481928
388861356,-0.0255154,-0.109839,0.0442016,0.481928
388893377,-0.0150466,-0.21018,0.0445448,0.481928
388925342,-0.0042429,-0.199764,0.0444099,0.481928
388957380,0.00641093,-0.162604,0.0444562,0.481928
388989371,0.0175465,-0.161826,0.0446347,0.481928
389021379,0.0274741,-0.167394,0.0440252,0.481928
389053347,0.0362936,-0.24465,0.0438982,0.481928
389081352,0.0406604,-0.25036,0.0432262,0.481928
389113347,0.0427146,-0.255222,0.0422986,0.481928
389145361,0.0411092,-0.219572,0.0417656,0.481928
389177349,0.0380034,-0.187167,0.0409058,0.481928
389209347,0.0333991,-0.169749,0.0401343,0.481928
389241352,0.0289264,-0.152793,0.0390393,0.481928
389273347,0.025762,-0.184747,0.0381626,0.481928
389301381,0.0243679,-0.158367,0.0372825,0.482177
389333349,0.0250269,-0.12909,0.0360523,0.484023
389365347,0.0277727,-0.095566,0.035187,0.48448
389397354,0.0327041,-0.11611,0.0338187,0.484352
389429350,0.0385474,-0.142694,0.0327602,0.48432
389461392,0.0435174,-0.169205,0.0314782,0.484328
389493351,0.046659,-0.195094,0.0305586,0.484339
389525347,0.0471143,-0.16489,0.0299025,0.484337
389557347,0.0441036,-0.129156,0.0290241,0.484337
389585355,0.039567,-0.0962939,0.0287961,0.484337
389617381,0.030888,-0.059316,0.028466,0.484337
389649349,-0.0102283,-0.0356347,0.0295679,0.484337
389681351,-0.0495256,-0.0110233,0.0310755,0.484337
389713348,-0.121948,0.0106948,0.0340689,0.484337
389745350,-0.131206,0.0268524,0.0344784,0.484337
389777380,-0.120662,0.0274244,0.0335905,0.484337
389809353,-0.0988991,0.0211877,0.0333096,0.484586
389837379,-0.0854029,0.00897384,0.0324928,0.485594
389869353,-0.0596047,-2.32659e-05,0.0318086,0.485633
389901349,-0.054057,-0.00737241,0.03194,0.486372
389933356,-0.0682063,-0.0128469,0.0328903,0.486791
389965355,-0.164407,-0.0107611,0.0381151,0.486523
389997379,-0.182996,-0.00427857,0.0390561,0.486149
390029364,-0.185928,0.00770096,0.0397114,0.486458
390061385,-0.162651,0.0151792,0.0385749,0.485977
390089352,-0.138373,0.0212624,0.0377322,0.485523
390121347,-0.0989774,0.0320709,0.0362113,0.48635
390153386,-0.0558849,0.0363738,0.0342584,0.486557
390185347,0.00641738,0.0254909,0.0312908,0.485516
390217397,0.0566769,0.01767,0.0283396,0.485441
390249349,0.116031,-0.00471191,0.0248226,0.48555
390281375,0.135654,-0.0198543,0.0229734,0.485551
390313347,0.115176,-0.0328471,0.0222975,0.485541
390341347,0.0779532,-0.0378448,0.0225151,0.485541
390373349,-0.0223456,-0.0338957,0.0258503,0.486381
390405354,-0.093801,-0.016436,0.0267527,0.486799
390437373,-0.154133,0.00371344,0.0280582,0.486838
390469349,-0.184652,0.0158841,0.0275677,0.488664
390501380,-0.177756,0.0228691,0.0261041,0.490091
390533377,-0.158407,0.0362698,0.0247506,0.4905
390565347,-0.122912,0.032275,0.0230563,0.490367
390597393,-0.0721041,0.0190384,0.0207905,0.490336
390629349,0.000694398,0.00133056,0.0173088,0.490362
390661375,0.0498605,-0.0187694,0.0150306,0.490364
390693352,0.0811223,-0.0387435,0.0131848,0.490362
390725381,0.0995113,-0.063929,0.0108307,0.490361
390757352,0.0985947,-0.0850187,0.00954112,0.490361
390789362,0.0814065,-0.0995742,0.00813881,0.490361
390821362,0.0469777,-0.102776,0.00775267,0.490361
390853376,0.0122749,-0.0972744,0.00745098,0.490361
390885351,-0.0189034,-0.0886036,0.00732061,0.490361
390917376,-0.0519297,-0.0777675,0.00736011,0.490361
390949347,-0.0655897,-0.0677966,0.00664965,0.490361
390981349,-0.0616734,-0.0591682,0.00551654,0.490361
391013347,-0.0441581,-0.053809,0.00396222,0.490361
391041354,-0.0215458,-0.05314,0.00218522,0.490361
391073346,0.0215952,-0.0566692,-0.000840043,0.490361
391106155,0.062298,-0.0716882,-0.00360066,0.490361
391138183,0.106928,-0.0876547,-0.00705639,0.490361
391170184,0.120452,-0.0993441,-0.0090735,0.490361
391202154,0.127383,-0.106767,-0.0110301,0.490361
391234187,0.146487,-0.109881,-0.0140046,0.490361
391262195,0.15235,-0.118696,-0.0163619,0.490361
391294166,0.149187,-0.125158,-0.0189413,0.490361
391326186,0.131701,-0.128876,-0.0208133,0.490361
391358174,0.0946231,-0.129654,-0.0221893,0.490361
391390157,0.0626504,-0.128766,-0.0236449,0.490361
391422270,0.025298,-0.12734,-0.0243079,0.490361
391454152,-0.00373923,-0.126841,-0.0253765,0.490361
391486194,-0.0201813,-0.125917,-0.0263768,0.490361
391518187,-0.0252954,-0.126408,-0.0277165,0.490361
391550155,-0.0225616,-0.11785,-0.0290949,0.490361
391582162,-0.021272,-0.0796848,-0.0295443,0.490361
391614198,-0.0324264,0.068723,-0.02877,0.490361
391646153,-0.0113198,0.150736,-0.0294405,0.490361
391678204,0.0154906,0.285767,-0.029803,0.490361
391710186,0.024249,0.339694,-0.0305853,0.490361
391738247,0.0270844,0.416341,-0.0306704,0.490361
391770167,0.0255319,0.498457,-0.0310265,0.490361
391802152,0.0302815,0.524673,-0.0324997,0.490361
391834204,0.0262936,0.431937,-0.0348935,0.490361
391866148,0.0192025,0.353888,-0.0368388,0.490361
391898164,0.0118928,0.294986,-0.0383732,0.490361
391930187,0.00745096,0.177281,-0.040808,0.49061
391962185,0.00055692,0.116162,-0.0416275,0.492457
391990195,-0.00261857,0.0696747,-0.0427945,0.492914
392022152,0.00448087,0.0453988,-0.0427371,0.493034
392054159,0.00965833,0.00431608,-0.0436183,0.493593
392086159,0.0120997,-0.00164361,-0.0430633,0.494067
392118152,0.0129394,0.0162831,-0.0425317,0.494001
392150185,0.00854039,0.0436596,-0.0422106,0.493968
392182154,0.0102847,0.057095,-0.0415932,0.493975
392214188,0.0146989,0.0866156,-0.0412175,0.493977
392246185,0.0168614,0.155928,-0.0403076,0.493727
392278153,0.0143398,0.154204,-0.0402604,0.492391
392310160,0.0123098,0.157559,-0.0400252,0.484717
392342153,0.0099704,0.150595,-0.0400817,0.482328
392374154,0.00826694,0.16311,-0.0400807,0.480956
392406158,0.00621084,0.127142,-0.0405254,0.480651
392438197,0.00494079,0.113113,-0.0407648,0.48071
392466189,0.0038274,0.108936,-0.041015,0.480732
392498176,0.00302226,0.0965176,-0.0411218,0.480729
392530178,0.00159921,0.0722951,-0.0411767,0.480723
392562156,-0.000161664,0.0408308,-0.0413826,0.477146
392594158,-7.99807e-05,0.0113627,-0.0411512,0.468997
392626146,0.00347891,-0.0432744,-0.0412002,0.45377
392658199,0.00137761,-0.0700249,-0.04093,0.449402
392690189,-0.000767759,-0.0806902,-0.0406992,0.44705
392718188,-0.00138351,-0.0753306,-0.0404658,0.44681
392750154,-0.00208641,-0.0645349,-0.0400294,0.44701
392782158,-0.00246828,-0.0515811,-0.0400029,0.44728
392814197,-0.0033266,-0.032014,-0.0397695,0.449328
392846156,-0.00563776,-0.0118152,-0.0397226,0.450624
392878162,-0.00684546,0.0042375,-0.0397309,0.451607
392910197,-0.00600174,0.019598,-0.0396876,0.451905
392942174,-0.00584925,0.0293846,-0.0395847,0.452061
392970188,-0.00607643,0.0400084,-0.0395461,0.452629
393002171,-0.0057097,0.0467241,-0.039326,0.453057
393034154,-0.00353893,0.0514066,-0.0392838,0.453037
393066157,0.000512688,0.0572712,-0.0390422,0.45375
393098155,0.00342893,0.0728605,-0.0384672,0.457013
393130236,0.00364285,0.087117,-0.0380303,0.470716
393162158,0.00324605,0.0748794,-0.0378573,0.476205
393194185,0.00805647,0.0638633,-0.0372401,0.478463
393222185,0.0102649,0.0573621,-0.0367301,0.478376
393254158,0.00923812,0.0533823,-0.03596,0.478307
393286190,0.00633962,0.0562625,-0.0354801,0.478309
393318143,0.00325671,0.0568302,-0.0345156,0.478812
393350159,-0.000411119,0.0617827,-0.0336287,0.480241
393382187,-0.000885097,0.0877263,-0.0326147,0.483
393414152,0.016227,0.109003,-0.0310658,0.483322
393446189,0.0535594,0.121416,-0.0288686,0.483229
393478187,0.101495,0.116111,-0.0268354,0.483113
393510148,0.10975,0.0984334,-0.0260192,0.483126
393542156,0.11487,0.0424985,-0.0250278,0.483134
393574162,0.0954565,-0.000614854,-0.0252245,0.483133
393606158,0.069488,-0.0338233,-0.0246825,0.483132
393638186,0.0411442,-0.0461976,-0.0244266,0.483132
393670199,0.0125368,-0.0524043,-0.0242701,0.483133
393698189,-0.0100137,-0.0715603,-0.0235625,0.483133
393730190,-0.0306201,-0.125487,-0.0229348,0.483133
393762153,-0.0414427,-0.105166,-0.0222611,0.483133
393794166,-0.0436832,-0.0726133,-0.0219594,0.483133
393826155,-0.0375775,-0.0415373,-0.0213332,0.483133
393858150,-0.0253429,-0.0100261,-0.0213565,0.483133
393890190,-0.010733,0.0236986,-0.0212528,0.483133
393922205,0.0034613,0.0496123,-0.0213737,0.483133
393950187,0.0116459,0.053822,-0.0216955,0.483133
393982158,0.0166984,0.0568619,-0.021914,0.483133
394014159,0.0153653,0.0572788,-0.0222924,0.482884
394046185,0.00823941,0.0478433,-0.0227467,0.481037
394078162,-0.00170566,0.0355947,-0.0229036,0.48058
394110159,-0.0123308,0.0272899,-0.0232272,0.480709
394142159,-0.0203262,0.026126,-0.0233381,0.48074
394174192,-0.0242534,0.0299898,-0.0232827,0.480723
394202188,-0.0253621,0.0374402,-0.0234568,0.480721
394234157,-0.0227858,0.0505348,-0.023427,0.480722
394266158,-0.0111485,0.0665093,-0.0231837,0.480723
394298230,-0.00213784,0.083586,-0.0228835,0.480723
394330178,0.00351347,0.0990676,-0.0226185,0.480723
394362152,0.00455957,0.109925,-0.0222055,0.480723
394394158,0.012962,0.110073,-0.0217074,0.480723
394426187,0.0247154,0.0873568,-0.0210327,0.480723
394454186,0.0240952,0.0716655,-0.0204324,0.480723
394486158,0.0197268,-0.00217191,-0.0198178,0.480723
394518158,0.0109328,-0.111414,-0.0190788,0.480723
394550155,-0.00106829,-0.257708,-0.0179782,0.480723
394582188,-0.00217445,-0.373607,-0.0164687,0.480723
394614155,-0.00710156,-0.368295,-0.0150391,0.480723
394646152,-0.034874,-0.39794,-0.0132466,0.480723
394678222,-0.0626657,-0.336858,-0.0114703,0.480723
394710196,-0.125042,-0.248756,-0.00915829,0.480723
394742155,-0.137625,-0.154183,-0.00616782,0.480723
394774160,-0.135501,-0.0696533,-0.00365419,0.480723
394806193,-0.126573,-0.0983654,-0.00125114,0.480723
394838169,-0.107109,-0.121929,-0.000107977,0.480723
394870171,-0.0805425,-0.16844,0.000642352,0.480723
394902187,-0.046367,-0.368367,-3.95746e-05,0.480723
394930215,-0.0237006,-0.460037,-0.000684388,0.480723
394962196,-0.00410101,-0.511008,-0.00110266,0.480723
394994161,0.0101447,-0.518669,-0.000586407,0.480723
395026158,0.0278075,-0.50808,-0.000573594,0.480723
395058178,0.0462068,-0.44802,0.000747457,0.480723
395090157,0.0673136,-0.375597,0.00146581,0.480723
395122167,0.122757,-0.346647,0.000972201,0.480723
395154221,0.124955,-0.269397,0.0014036,0.480723
395182194,0.108327,-0.245762,0.00237448,0.480723
395214152,0.0831862,-0.162607,0.00431153,0.480723
395246161,0.0581427,-0.0875225,0.00587846,0.480723
395278241,0.0364836,-0.043501,0.00719006,0.480723
395310155,0.0186608,-0.00868508,0.00856866,0.480723
395342198,0.0064532,0.00919687,0.00910061,0.480723
395374153,-0.000630586,0.00996932,0.00983009,0.480723
395406189,-0.00380145,0.000627598,0.0104386,0.480972
395434188,-0.0199462,-0.0112035,0.0118692,0.482818
395466152,-0.02391,-0.0227298,0.0131834,0.483275
395498152,-0.0510203,-0.0288155,0.015984,0.484234
395530235,-0.0737091,-0.0258651,0.0184482,0.48546
395562153,-0.0907461,-0.0144982,0.0208683,0.486763
395594150,-0.0891733,0.00438693,0.0221049,0.488111
395626195,-0.0779595,0.027419,0.0231487,0.488299
395658221,-0.0646489,0.0500631,0.0240495,0.488796
395686193,-0.0512642,0.0666014,0.0246452,0.48924
395718186,-0.0360909,0.0780688,0.0259629,0.489679
395750196,-0.0302496,0.0799418,0.0268037,0.496013
395782158,-0.0248904,0.0723868,0.0284425,0.500128
395814163,-0.020559,0.0564765,0.0296182,0.501824
395846196,-0.0690632,0.0433863,0.0340397,0.501246
395878159,-0.129016,0.034934,0.0396354,0.501134
395910188,-0.19048,0.0348763,0.0447458,0.501171
395942195,-0.248585,0.053922,0.0505612,0.501212
395974154,-0.244862,0.0448946,0.0522474,0.501207
396006155,-0.22361,0.0328693,0.0543927,0.501204
396038178,-0.189496,0.027688,0.0552711,0.501205
396070161,-0.133614,0.028008,0.0563181,0.501205
396102143,-0.0790583,0.0235143,0.0565303,0.501205
396134188,-0.0187452,0.026011,0.0576313,0.501205
396162187,0.0205781,0.0206921,0.0583398,0.501454
396194187,0.0483749,0.00902987,0.0598809,0.502043
396226146,0.0550137,-0.00790588,0.0619275,0.5025
396258199,0.048214,-0.0191784,0.0642758,0.502682
396290154,0.0379838,-0.051921,0.0658381,0.508755
396322154,0.0165935,-0.0750074,0.0681421,0.51485
396354161,-0.0137145,-0.0844279,0.0708985,0.518955
396386196,-0.0634199,-0.079596,0.0749813,0.520796
396414192,-0.0867807,-0.0754506,0.0777107,0.52059
396446156,-0.0987296,-0.0629998,0.080509,0.520453
396478202,-0.0912021,-0.0600486,0.0821256,0.520227
396510152,-0.0499562,-0.0551246,0.0818003,0.519228
396542157,-0.00981796,-0.0469572,0.0827482,0.519186
396574161,0.0313013,-0.0429136,0.0823802,0.519286
396606152,0.0534565,-0.0478908,0.0838508,0.519285
396638214,0.0748111,-0.0541867,0.0839752,0.519276
396666185,0.08779,-0.0603946,0.0842592,0.519276
396698181,0.0886452,-0.0674348,0.0850782,0.519277
396730185,0.0759114,-0.0695195,0.0848341,0.519277
396762188,0.0511316,-0.0727309,0.0864505,0.519277
396794155,0.02641,-0.0771372,0.0864402,0.519277
396826152,0.02427,-0.0776822,0.0857757,0.518779
396858184,0.0138489,-0.0691553,0.0859089,0.517351
396890191,0.0144304,-0.0412868,0.0848006,0.514342
396918184,0.0200846,-0.0394606,0.0842645,0.512932
396950146,0.0357945,-0.0427466,0.081969,0.51065
396982168,0.044237,-0.0387043,0.0805799,0.510658
397014186,0.0547825,0.0377866,0.0800334,0.507698
397046157,0.067972,0.116259,0.0784856,0.502069
397078164,0.0805978,0.227257,0.0774762,0.494777
397110187,0.0890466,0.499107,0.0782812,0.48329
397142188,0.0804061,0.628947,0.0769678,0.482046
397170189,0.0747301,0.693066,0.0751642,0.481953
397202150,0.0687866,0.630271,0.0702933,0.481918
397234202,0.0486564,0.516808,0.0660637,0.481927
397266156,0.0283567,0.394041,0.0607212,0.481929
397298159,0.0105842,0.282737,0.055769,0.482766
397330249,-0.000776615,0.182307,0.0510428,0.483433
397362145,-0.00619948,0.103598,0.0462122,0.484062
397394186,-0.00804523,0.0609439,0.0421156,0.484419
397422182,-0.00617166,0.0338721,0.0383859,0.484104
397454161,-0.00458418,0.0409338,0.0346141,0.482742
397486200,-0.00384676,0.160103,0.0317659,0.472248
397518153,-0.00223094,0.197679,0.0291858,0.464476
397550158,-0.000119233,0.222698,0.0259906,0.459455
397582187,0.00184539,0.2916,0.0236973,0.451319
397614151,0.00418609,0.317411,0.0203468,0.447842
397646194,0.00550268,0.353908,0.0175897,0.446716
397674189,0.00725002,0.338115,0.0147947,0.446943
397706205,0.00762398,0.294165,0.0111625,0.447025
397738184,0.00647092,0.275246,0.00809955,0.446989
397770152,0.00382127,0.233662,0.00479647,0.446984
397802152,0.000532983,0.187773,0.00165847,0.446988
397834157,-0.00309568,0.119282,-0.00143149,0.447237
397866157,-0.00660236,0.0746105,-0.00405615,0.448742
397898241,-0.00897973,0.0362155,-0.00639789,0.45021
397926195,-0.00879659,0.016721,-0.00813046,0.451568
397958201,-0.00633625,0.00943029,-0.00981541,0.451937
397990158,-0.00286563,0.00327263,-0.0110958,0.451811
398022163,0.00030544,0.0055871,-0.0122187,0.452032
398054188,0.00351485,0.0138377,-0.0128132,0.460586
398086160,0.00580163,0.02278,-0.0135719,0.47152
398118156,0.00705891,0.0273094,-0.0142699,0.482261
398150187,0.00693266,0.0231111,-0.0151901,0.487931
398178193,0.00730801,0.0137263,-0.015994,0.487023
398210152,0.0071963,-0.00121074,-0.0168053,0.486645
398242157,0.00695249,-0.0126734,-0.0178022,0.486735
398274155,0.00689072,-0.024303,-0.018899,0.486755
398306153,0.0069238,-0.0329439,-0.0196042,0.486747
398338185,0.0070854,-0.0381618,-0.0208777,0.486745
398370150,0.00699618,-0.042015,-0.0218038,0.486747
398402187,0.00603217,-0.0337213,-0.0226727,0.486747
398430188,0.0103717,-0.0231428,-0.0231604,0.486747
398462159,0.0124764,-0.0115499,-0.0243329,0.486498
398494205,0.0294818,-0.0103416,-0.0247955,0.484652
398526153,0.0576201,-0.00197452,-0.024788,0.483946
398558190,0.095753,-0.00262417,-0.0249117,0.483384
398590201,0.167423,-0.0545367,-0.0237473,0.483059
398622152,0.205479,-0.0806388,-0.0238437,0.483118
398650203,0.237472,-0.0996121,-0.0235958,0.483142
398682949,0.228826,-0.110619,-0.0241842,0.483133
398714966,0.184152,-0.0963419,-0.0256599,0.483132
398746950,0.136474,-0.073257,-0.0267529,0.483133
398778973,0.0893825,-0.0462758,-0.0276763,0.483133
398810950,0.0362761,-0.0169892,-0.0287292,0.483133
398842951,-0.0482682,0.0116445,-0.0311678,0.483133
398870956,-0.0830376,0.0336976,-0.0323301,0.483133
398902951,-0.100081,0.0536651,-0.0335873,0.482045
398934981,-0.0954081,0.0683819,-0.0348144,0.481037
398966948,-0.0872861,0.0764067,-0.0361553,0.480609
398998952,-0.0530108,0.0781957,-0.0376418,0.480709
399030947,-0.0135414,0.0815856,-0.0383965,0.480732
399062953,0.0190452,0.0766911,-0.0392752,0.480474
399094953,0.0401175,0.0762237,-0.0400651,0.479466
399122949,0.0475735,0.0738963,-0.0404158,0.479427
399154989,0.0424493,0.071791,-0.0408909,0.479495
399186951,0.0261195,0.0726027,-0.0412864,0.479526
399218976,0.00279891,0.0775286,-0.0415834,0.479519
399250952,-0.021259,0.0752289,-0.0418004,0.479517
399282949,-0.0412047,0.0112075,-0.0419796,0.479518
399314951,-0.0523065,-0.00805727,-0.0421198,0.479767
399346950,-0.0527883,-0.0512813,-0.0423475,0.481862
399374949,-0.0545155,-0.145341,-0.0427946,0.482909
399406949,-0.0840724,-0.44697,-0.0440938,0.483238
399438973,-0.0504722,-0.476314,-0.0444565,0.483139
399470948,0.0163914,-0.450454,-0.0447144,0.483125
399502952,0.036856,-0.452609,-0.0456518,0.483133
399534952,0.0473777,-0.425766,-0.0464402,0.483134
399566948,0.0513101,-0.346472,-0.0469497,0.483132
399598950,0.0449845,-0.283752,-0.0473419,0.483132
399626951,0.0250655,-0.276304,-0.0476949,0.483133
399658979,-0.0193921,-0.276554,-0.047543,0.483133
399690947,-0.0588136,-0.20431,-0.0472886,0.483133
399722950,-0.126321,-0.170439,-0.046904,0.483133
399754980,-0.146519,-0.125398,-0.0472649,0.483133
399786952,-0.150623,-0.0870586,-0.0480984,0.483133
399818973,-0.143935,-0.0669091,-0.0493332,0.483133
399850955,-0.127602,-0.0622825,-0.0505584,0.483133
399878947,-0.10651,-0.0850917,-0.0515936,0.483133
399910949,-0.0672618,-0.0789744,-0.0527939,0.483133
399942947,-0.0300835,-0.0639607,-0.053972,0.483381
399974952,-0.00172466,-0.0462823,-0.0544554,0.484469
400006951,0.0163159,-0.0379858,-0.0550206,0.488029
400038981,0.0260622,-0.0244621,-0.0555436,0.489047
400070949,0.0221193,-0.0184491,-0.0558588,0.489245
400102954,0.00932734,-0.00869221,-0.0557818,0.489403
400131073,-0.00605992,-0.00355169,-0.0558009,0.489977
400163044,-0.0229826,-0.0143242,-0.0558088,0.490454
400194959,-0.036867,-0.024547,-0.0553214,0.490387
400227046,-0.0395642,-0.0597994,-0.0555558,0.494611
400258959,-0.0267014,-0.0774249,-0.0554933,0.501992
400291044,0.00874441,-0.135296,-0.0563712,0.516525
400323048,0.0334187,-0.133393,-0.0566982,0.517938
400355074,0.0498859,-0.11273,-0.0559899,0.516829
400387048,0.0558741,-0.0882368,-0.0557386,0.516763
400414949,0.0656759,-0.0701359,-0.055445,0.516876
400446947,0.0806744,-0.0536244,-0.0550652,0.516877
400478952,0.0948484,-0.0498113,-0.0560589,0.516869
400510951,0.103194,-0.0652145,-0.0557743,0.516867
400542947,0.0865253,-0.0517762,-0.0557562,0.516867
400574974,0.0556644,-0.0362805,-0.0536983,0.516868
400606949,0.0308053,-0.0250962,-0.0532134,0.516867
400634947,0.0147762,-0.0191619,-0.0522933,0.516619
400666956,0.00182969,-0.014892,-0.051285,0.51578
400698947,-0.0052414,-0.017857,-0.0509064,0.508131
400730973,-0.00288478,-0.0190711,-0.0502089,0.499609
400762952,0.028723,-0.0165891,-0.0511714,0.484729
400794947,0.0406321,-0.00975892,-0.0506662,0.482471
400826950,0.0461956,-0.00130301,-0.0497817,0.482575
400858996,0.0762761,0.00448815,-0.0502508,0.483213
400886949,0.0942295,0.0106968,-0.0503024,0.483177
400918982,0.0934734,0.0168525,-0.0493381,0.483133
400950963,0.0558793,0.00789459,-0.0471418,0.483129
400982947,0.0208506,-0.00169937,-0.045152,0.483133
401014950,0.00533114,-0.00246906,-0.0441261,0.483133
401046952,-0.00904324,-0.00356808,-0.0433726,0.483132
401078948,-0.0201451,-0.00466613,-0.042624,0.483133
401110949,-0.0249801,-0.00531422,-0.0420956,0.483133
401139000,-0.0236259,-0.00507984,-0.041627,0.484128
401170949,-0.0155675,-0.00408575,-0.0415255,0.488998
401202950,-0.00340631,-0.00247086,-0.0412285,0.489572
401234951,0.0108636,-0.000585702,-0.0411611,0.489144
401266949,0.0240448,0.00111229,-0.0411446,0.489116
401298991,0.0335293,0.00549112,-0.0411859,0.489144
401330975,0.0382005,0.0179635,-0.0411209,0.48916
401362955,0.0383226,0.0177411,-0.0415063,0.489157
401390947,0.0345283,0.0186549,-0.0420086,0.489156
401422949,0.0281704,0.0109904,-0.0421169,0.489157
401454962,0.0212193,-0.0020781,-0.0426914,0.488908
401486949,0.0129307,-0.0208957,-0.0430808,0.485568
401518985,-0.0104201,-0.0348246,-0.0428015,0.476346
401550948,-0.119094,-0.0446943,-0.0383489,0.444615
401582950,-0.142321,-0.0500556,-0.0380171,0.437441
401614951,-0.133049,-0.0548868,-0.038636,0.435888
401642947,-0.120215,-0.0587442,-0.0392629,0.437179
401674986,-0.0992083,-0.0611693,-0.0400536,0.439564
401706947,-0.078861,-0.0567231,-0.0404535,0.447126
401738982,-0.0546238,-0.0545358,-0.0412429,0.449478
401770949,-0.0285125,-0.0529864,-0.0421139,0.451667
401802947,-0.00573322,-0.0527853,-0.0426845,0.452188
401834950,0.0103307,-0.0525699,-0.0429254,0.452722
401866949,0.0188904,-0.0536264,-0.04317,0.453089
401894952,0.0203205,-0.0549245,-0.043179,0.45303
401926949,0.0161777,-0.0489401,-0.0430462,0.453005
401958953,0.00870038,-0.0413385,-0.0426929,0.453011
401990947,0.00391108,-0.0189023,-0.0424,0.466219
402022957,-0.000411723,0.00792724,-0.0421202,0.480751
402054947,0.00106781,0.0728106,-0.0413886,0.489767
402086947,0.00328336,0.0799471,-0.0414599,0.488408
402118995,0.0472367,0.0743624,-0.0429635,0.486955
402146949,0.078688,0.0639472,-0.0439125,0.486673
402178991,0.0998224,0.0456309,-0.044275,0.486679
402210947,0.115214,0.0266222,-0.0444966,0.486756
402242950,0.11429,-0.00209495,-0.0441919,0.486753
402274980,0.115935,-0.0122226,-0.0438315,0.486746
402306952,0.0998347,-0.0404494,-0.0431586,0.486747
402338974,0.072802,-0.0631827,-0.0420471,0.486498
402370953,0.0393898,-0.0809089,-0.0408092,0.485908
402399139,-0.0139734,-0.087101,-0.0385928,0.48629
402431050,-0.0602778,-0.0907863,-0.0367062,0.486775
402462947,-0.121115,-0.078109,-0.0333173,0.486778
402494953,-0.128941,-0.0844853,-0.0320234,0.486739
402526952,-0.120063,-0.0793667,-0.0304377,0.486745
402558952,-0.102611,-0.0737696,-0.02877,0.486748
402590947,-0.0796922,-0.0683575,-0.0271778,0.486996
402622955,-0.0470145,-0.0719538,-0.0256852,0.487586
402651047,-0.0187198,-0.0737315,-0.0244652,0.488253
402683045,0.00757064,-0.0126609,-0.0219395,0.489232
402715051,0.0240988,0.0616055,-0.0189638,0.489238
402747047,0.0327329,0.213455,-0.01517,0.489146
402779050,0.0344129,0.267309,-0.0117002,0.48915
402811046,0.0279051,0.305649,-0.00887772,0.489156
402842947,0.0180213,0.361549,-0.00610134,0.489157
402875002,0.00895254,0.342115,-0.00406608,0.489157
402902949,0.0026105,0.350979,-0.00232484,0.489157
402935048,-0.0039278,0.333332,-0.000619622,0.489157
402967045,-0.000449136,0.370762,0.00131355,0.489157
402999047,0.00280886,0.326152,0.00279097,0.489157
403030949,0.00525069,0.269238,0.0034964,0.489157
403062969,0.0111176,0.193435,0.00464872,0.489157
403094950,0.0145165,0.133312,0.00551736,0.489406
403126949,0.0156385,0.107769,0.00668139,0.490911
403155003,0.0147096,0.083915,0.00739322,0.492378
403186952,0.0116696,0.084234,0.00873396,0.4942
403218975,0.00646206,0.0828115,0.00989325,0.494106
403250947,0.000429644,0.0909312,0.0110996,0.493952
403282949,-0.0064693,0.0931485,0.0119151,0.493966
403314951,-0.0136457,0.152226,0.0132097,0.494227
403346947,-0.0195166,0.183378,0.0138134,0.494815
403379001,-0.02257,0.194067,0.0141762,0.495232
403406947,-0.0228789,0.182123,0.0144024,0.495453
403438981,-0.0209375,0.157814,0.0140865,0.496259
403470950,-0.0189539,0.163528,0.0140585,0.497732
403502973,-0.0168458,0.134002,0.0136057,0.497706
403534954,-0.0115123,0.100956,0.0132662,0.497854
403566948,-0.00514122,0.0736699,0.0123882,0.498838
403599048,-0.0037427,0.0456578,0.0122014,0.498637
403630952,-0.0036085,0.0239042,0.0113132,0.494268
403658991,-0.00378671,0.00468105,0.0109456,0.489712
403690949,-0.00526929,-0.0233823,0.0104874,0.482489
403722947,-0.00683056,-0.0256141,0.0105731,0.482553
403754950,-0.00845179,-0.0183291,0.0106003,0.483045
403786949,-0.0135678,0.0107158,0.0108451,0.48318
403818955,-0.0142924,0.0344156,0.0116877,0.483134
403851045,-0.011274,0.0609846,0.0123015,0.483129
403882952,-0.00714291,0.0728354,0.013134,0.483133
403910950,-0.00249849,0.0760153,0.0138422,0.483133
403942949,0.00409904,0.0579195,0.0145265,0.483132
403974999,0.0108111,0.0431019,0.0152058,0.483132
404007046,0.0160984,0.0305943,0.0160558,0.482884
404039073,0.0192566,0.0111605,0.0170323,0.479295
404070952,0.0194849,-0.0144537,0.0175249,0.473465
404102949,0.0162395,-0.0400939,0.0186535,0.464517
404134949,0.00532563,-0.0357142,0.0197766,0.464925
404162952,-0.00349052,-0.0206408,0.0206057,0.465138
404195048,-0.00881783,0.00289498,0.0221968,0.465115
404226956,-0.00856917,0.031931,0.0240559,0.465051
404258955,-0.0133088,0.0536305,0.0252265,0.465056
404290949,-0.00998685,0.0817362,0.0268405,0.46531
404322950,-0.00243341,0.0955169,0.0284782,0.466646
404354975,0.00441543,0.0947164,0.0295332,0.476402
404386949,0.0104906,0.0752357,0.0306768,0.481909
404414950,0.0137996,0.0337148,0.0313219,0.483998
404446949,0.0104894,-0.0674341,0.0309967,0.48317
404478949,0.00591874,-0.098479,0.0316674,0.483037
404510955,0.000611866,-0.10127,0.0326416,0.48309
404543050,-0.00452479,-0.0860066,0.0334073,0.483142
404574947,-0.0101342,-0.0614783,0.0345507,0.483135
404606947,-0.0143705,-0.0217486,0.0355395,0.483132
404639089,-0.0184386,0.0159706,0.036056,0.483132
404670949,-0.0245995,0.0274856,0.0362486,0.483133
404702973,-0.0227192,0.0259534,0.0364123,0.483133
404734981,-0.0187833,0.0115667,0.0359852,0.483133
404766950,-0.0149995,-0.0850254,0.0350946,0.483971
404798950,-0.0125678,-0.192521,0.0333034,0.484389
404830956,-0.0091863,-0.330998,0.0314715,0.484428
404862950,0.00205133,-0.495608,0.0293288,0.484328
404890951,0.00868034,-0.490471,0.0287727,0.484329
404922947,0.00670521,-0.440959,0.0286559,0.484336
404954981,-0.00187699,-0.364685,0.0286804,0.484338
404986949,-0.0178937,-0.27229,0.0286626,0.484337
405018947,-0.0332201,-0.176546,0.028658,0.484337
405050950,-0.05666,-0.142152,0.0285341,0.484337
405082949,-0.0663607,-0.107965,0.0277801,0.484337
405114947,-0.0919046,-0.155127,0.0269956,0.483499
405142953,-0.0827228,-0.15681,0.0255689,0.483081
405174973,-0.0399705,-0.221051,0.0235655,0.483109
405206949,-0.0107725,-0.26095,0.0208415,0.483142
405238980,0.015634,-0.295946,0.018735,0.48314
405270947,0.0298158,-0.33849,0.0167446,0.483131
405302950,0.0411972,-0.348094,0.0147721,0.483132
405334952,0.0450474,-0.340296,0.0136528,0.483133
405366949,0.0231002,-0.316672,0.0132688,0.483133
405394949,0.012375,-0.258611,0.0135998,0.483133
405426953,0.00297082,-0.184705,0.0137492,0.483133
405459774,-0.00121876,-0.132935,0.0141044,0.483381
405491761,-0.0074786,-0.0785893,0.0146321,0.484967
405523747,-0.00250337,-0.0622857,0.0142802,0.489455
405555780,-0.00192336,-0.0421011,0.0147352,0.489544
405583751,-0.00113301,-0.0328527,0.0151224,0.48949
405615747,0.00338956,-0.0286088,0.01566,0.49038
405647753,0.0104665,-0.037129,0.0158348,0.490947
405679747,0.0235382,-0.066788,0.0158455,0.499485
405711747,0.0327727,-0.0988242,0.0157967,0.504257
405743774,0.0315748,-0.116567,0.0166787,0.505239
405775775,0.0286219,-0.112891,0.0179793,0.50481
405807751,0.0248803,-0.0979638,0.019571,0.504734
405839750,0.00683894,-0.0720237,0.0220672,0.507839
405871747,-0.00989501,-0.040712,0.0246381,0.510275
405903782,-0.0223023,-0.00838784,0.026956,0.511222
405935781,-0.0273847,0.0196588,0.0291322,0.510862
405967748,-0.0267117,0.0393357,0.0308927,0.510801
405999751,-0.0249311,0.0500925,0.0330461,0.510824
406031752,-0.0135841,0.0546864,0.0340999,0.510848
406059748,0.00214608,0.0452566,0.0352,0.510845
406091756,0.0197852,0.0256153,0.0357994,0.510843
406123747,0.0505419,0.00102387,0.0356033,0.510843
406155783,0.0631077,-0.0255446,0.0361739,0.510843
406187751,0.0629769,-0.0500545,0.0370825,0.510843
406219764,0.0522782,-0.0692503,0.0384785,0.510843
406251750,0.0383457,-0.0817803,0.0390991,0.510843
406283750,0.0221155,-0.085676,0.0402012,0.510594
406311748,0.00720105,-0.0796468,0.0406264,0.510005
406343754,-0.00574278,-0.0639187,0.0411409,0.509548
406375773,-0.0133223,-0.0509383,0.041363,0.509366
406407748,-0.0163569,-0.0337672,0.0415102,0.504879
406439749,-0.0183724,-0.0226419,0.0413677,0.500224
406471764,-0.0165448,-0.00850049,0.0410883,0.494897
406503748,-0.00928555,0.0317131,0.0407209,0.484282
406535784,0.00282577,0.0587154,0.0397107,0.482138
406563748,0.0117892,0.112041,0.0389075,0.481837
406595782,0.0127023,0.108504,0.0381644,0.48192
406627749,0.0101717,0.106411,0.0370654,0.481935
406659747,0.00363404,0.100641,0.0358342,0.482176
406691749,0.000480479,0.12857,0.0350217,0.483433
406723752,-0.00538364,0.117404,0.0336576,0.48456
406755781,-0.0135896,0.096459,0.0323233,0.486339
406787749,-0.0204659,0.0821752,0.0313392,0.488201
406815782,-0.0242576,0.0658435,0.0299453,0.488079
406847751,-0.0267714,0.0524386,0.0289935,0.487926
406879750,-0.0280355,0.0392009,0.0278516,0.487943
406911747,-0.028774,0.0786829,0.0270222,0.487954
406943749,-0.0312404,0.103796,0.026046,0.488201
406975793,-0.0364824,0.143816,0.0259098,0.48879
407011911,-0.0477574,0.323796,0.0257489,0.489248
407039751,-0.0504896,0.40852,0.0255809,0.48918
407071747,-0.0453792,0.436718,0.0244286,0.489149
407103936,-0.0419606,0.373668,0.0223276,0.489156
407135752,-0.0348248,0.307637,0.0205938,0.489158
407167747,-0.0260606,0.301961,0.0188406,0.489157
407199751,-0.0193718,0.238458,0.0175172,0.489157
407231752,-0.0133262,0.155777,0.0160651,0.489995
407263752,-0.00886426,0.0895477,0.0146137,0.490413
407295776,-0.00217366,0.100462,0.0143397,0.490385
407327753,-0.000204534,0.0923061,0.0142255,0.490352
407359747,-0.00242122,0.128514,0.0145426,0.49036
407391752,-0.00605997,0.136797,0.0146647,0.490114
407423750,-0.0101044,0.169194,0.0154914,0.488856
407455780,-0.0145263,0.168923,0.0156492,0.487231
407487747,-0.0193883,0.188763,0.0157689,0.481756
407519758,-0.0233583,0.195931,0.0162247,0.480658
407551938,-0.0263785,0.214525,0.0164487,0.480652
407583752,-0.0278155,0.19759,0.0162892,0.480495
407615782,-0.0258558,0.168358,0.0163875,0.478146
407647798,-0.0216161,0.143304,0.0159546,0.471602
407679749,-0.0156498,0.142909,0.016288,0.458694
407711751,-0.00950209,0.108665,0.0159804,0.458051
407739750,-0.0040083,0.0857276,0.0159704,0.458739
407771756,0.00215566,0.109553,0.0162331,0.459125
407803752,0.00905188,0.121795,0.0166516,0.459053
407835749,0.0133559,0.136221,0.017154,0.459029
407867760,0.0123005,0.12065,0.0166877,0.459036
407899752,0.00886018,0.117708,0.0163323,0.457543
407931753,0.00457125,0.110448,0.0158073,0.453009
407959749,-0.000989649,0.102219,0.0151068,0.447893
407991747,-0.0121565,0.0868596,0.0140439,0.444978
408023767,-0.0157115,0.0680764,0.0128784,0.444815
408051750,-0.0169566,0.0520273,0.0118251,0.444587
408083749,-0.0160618,0.0340401,0.0105868,0.444561
408115747,-0.0114464,0.016546,0.00939314,0.44458
408147750,-0.0057683,-0.00327224,0.00785197,0.44458
408179806,0.00334248,-0.0180521,0.0062844,0.444578
408211749,0.0513191,-0.0415147,0.00628996,0.444578
408243747,0.0758703,-0.0476341,0.00526066,0.444578
408275783,0.0981156,-0.0414974,0.00423925,0.444578
408303753,0.0954907,-0.025178,0.00266177,0.445076
408335782,0.0847581,-0.00425122,0.000742021,0.446504
408367746,0.0692404,0.0221913,-0.00126635,0.452933
408399750,0.0507947,0.0465588,-0.00295992,0.462045
408431754,0.034536,0.068598,-0.00459442,0.483587
408463747,0.0293798,0.0768399,-0.00641785,0.48598
408495773,0.0454058,0.0682115,-0.00765901,0.483456
408527752,0.0392907,0.0518737,-0.0099058,0.482917
408555785,0.0343171,0.0324428,-0.0121884,0.48299
408587751,0.0311464,-0.00266139,-0.0146894,0.483157
408619752,0.0311915,-0.0205255,-0.0173809,0.483144
408651758,0.0304657,-0.0445307,-0.0199024,0.48313
408683765,0.0283923,-0.0411799,-0.0223688,0.483132
408715963,0.0246988,-0.0259724,-0.0246187,0.483133
408747936,0.0195308,-0.00679168,-0.0266007,0.483133
408779947,0.0137047,0.0213391,-0.0285441,0.483132
408807753,0.00902533,0.0434989,-0.0302761,0.483133
408839754,0.00386797,0.061234,-0.0321746,0.483133
408871747,-7.80418e-06,0.0580652,-0.0340132,0.483133
408903781,-0.00259771,0.0415377,-0.0363167,0.483133
408935971,-0.0042706,-0.0681487,-0.0381173,0.483133
408967752,-0.00312071,-0.163441,-0.0402946,0.482884
408999747,-0.00286481,-0.441148,-0.0426516,0.481876
409027774,-0.000822875,-0.556219,-0.0442633,0.481837
409059752,0.00209288,-0.611221,-0.0465788,0.481904
409091751,0.00360466,-0.635825,-0.0481568,0.481936
409123750,0.00383783,-0.557029,-0.0499137,0.481929
409155774,-0.0155322,-0.512059,-0.0503996,0.481927
409187774,-0.0485885,-0.44684,-0.0510749,0.481928
409219750,-0.0681636,-0.405927,-0.0504353,0.482426
409251750,-0.0640957,-0.302275,-0.0501949,0.484103
409279750,-0.0632936,-0.229271,-0.0499624,0.486118
409311747,-0.0679733,-0.169196,-0.0498857,0.488063
409343755,-0.0513686,-0.0868561,-0.0510071,0.488871
409375773,-0.0111149,-0.0474593,-0.0529041,0.489502
409407747,0.0230738,-0.0407034,-0.0549696,0.490009
409439797,0.0508174,-0.0580949,-0.0569947,0.490649
409471749,0.0616201,-0.114965,-0.0585916,0.491641
409503781,0.0603641,-0.139474,-0.0593939,0.491898
409531780,0.0542397,-0.155021,-0.0597772,0.49267
409563747,0.041845,-0.173991,-0.0600157,0.50365
409595749,0.0255304,-0.168768,-0.0602372,0.512607
409627775,0.0109951,-0.161458,-0.0593574,0.517892
409659757,0.00774254,-0.126675,-0.0594688,0.517145
409691774,0.0218504,-0.0870157,-0.0589634,0.516769
409723747,0.0857837,-0.0721624,-0.0609432,0.516853
409751752,0.119105,-0.0536127,-0.0613642,0.51688
409783749,0.143946,-0.0500645,-0.0615904,0.517117
409815784,0.134292,-0.0305259,-0.060222,0.517705
409847913,0.119627,-0.0104368,-0.0586767,0.517325
409879913,0.102441,0.00800969,-0.0569683,0.516839
409911747,0.0809497,0.018023,-0.0552137,0.516836
409943756,0.0575592,0.0223945,-0.0531985,0.516875
409975774,0.0313459,0.0234845,-0.0509495,0.516869
410007750,0.0150618,0.0225661,-0.0491438,0.516866
410035942,0.00979178,0.0212798,-0.0473873,0.516867
410067933,0.00651956,0.0203073,-0.0460957,0.516868
410099939,0.00191515,0.0202507,-0.043604,0.516868
410131933,-0.00279099,0.0205488,-0.0417238,0.516867
410163937,0.000718209,0.0217292,-0.0392546,0.517116
410195813,-0.000256653,0.0226957,-0.0370757,0.518124
410227806,-0.00615797,0.0236609,-0.0340815,0.518163
410259747,-0.0313484,0.0230987,-0.0304889,0.518063
410287747,-0.0387329,0.0205771,-0.0278489,0.517815
410319750,-0.0443119,0.0160498,-0.0250674,0.517233
410351754,-0.0483492,0.00945308,-0.0223021,0.516777
410383753,-0.0427854,-0.00244429,-0.0199373,0.516844
410415969,-0.027139,-0.0466625,-0.0175823,0.516626
410447749,-0.0197344,-0.0664195,-0.014937,0.51603
410479781,-0.0265448,-0.0738162,-0.0112621,0.515361
410511747,-0.0335578,-0.0731976,-0.00764735,0.504595
410543749,-0.0237375,-0.0678585,-0.00495596,0.493527
410575774,-0.109761,-0.033802,0.00262268,0.480022
410607940,-0.150503,-0.0144033,0.00795833,0.47977
410639750,-0.155607,-0.00421753,0.0118012,0.48083
410671754,-0.151241,0.00206037,0.0151878,0.480805
410703937,-0.179153,0.00569151,0.0201413,0.480981
410735778,-0.352869,0.0139092,0.0325497,0.482222
410763749,-0.382735,0.0230031,0.0375716,0.482857
410795786,-0.361728,0.0249088,0.0402331,0.483209
410827774,-0.320783,0.0209625,0.0425573,0.483148
410859752,-0.254444,0.00851917,0.0436831,0.483122
410891756,-0.193031,-0.000407555,0.0449738,0.483971
410923789,-0.131048,-0.0113755,0.0464288,0.48439
410955773,-0.0779626,-0.0235565,0.0477298,0.484361
410987749,-0.032212,-0.033392,0.0492106,0.484328
411015781,-0.00408256,-0.0396993,0.0505972,0.484329
411047749,0.0307576,-0.0352284,0.0514024,0.484338
411079747,0.049845,-0.026451,0.0526398,0.484338
411111747,0.0826793,-0.0283709,0.0521725,0.484337
411143758,0.102309,-0.0428196,0.0518862,0.484337
411175759,0.152047,-0.063063,0.0495299,0.487692
411207750,0.148498,-0.0554655,0.0506029,0.489364
411239750,0.176829,-0.0440802,0.0500965,0.48925
411267747,0.199146,-0.0542001,0.0489462,0.48912
411299752,0.2071,-0.0671389,0.048565,0.489374
411331775,0.159736,-0.0554819,0.051402,0.490667
411363747,0.080355,-0.0153137,0.0552714,0.491294
411395779,-0.0207177,0.0871281,0.0620016,0.491648
411427780,-0.0415197,0.147896,0.0628161,0.491582
411459750,-0.0514351,0.224889,0.063999,0.491805
411491761,-0.0569807,0.44034,0.0664916,0.492822
411519747,-0.0494374,0.515551,0.0665733,0.492863
411551749,-0.017306,0.600208,0.0667988,0.493011
411583774,0.0176192,0.577996,0.0647406,0.493851
411615781,0.0720796,0.512448,0.0621755,0.495363
411647749,0.185031,0.431364,0.0577838,0.498648
411679750,0.211786,0.353751,0.0565724,0.499043
411711934,0.206975,0.286058,0.0558425,0.498791
411743751,0.18209,0.228946,0.0555723,0.499625
411771749,0.152781,0.170378,0.0540191,0.500054
411803756,0.11083,0.123091,0.0528596,0.500093
411835780,0.064469,0.101256,0.0507503,0.500273
411867747,0.019877,0.13918,0.0500895,0.501249
411899749,-0.0154522,0.15323,0.0475845,0.501295
411931792,-0.0378891,0.165253,0.0459349,0.501229
411963749,-0.0452081,0.17283,0.0436375,0.502533
411995781,-0.038592,0.166268,0.0412584,0.504137
412023747,-0.0245431,0.161444,0.0393239,0.505025
412055790,-0.00365215,0.136589,0.0362358,0.504857
412087747,0.0151541,0.102054,0.0336411,0.504802
412119747,0.025579,0.0722037,0.0308805,0.504818
412151749,0.0184199,0.0621177,0.0278941,0.505567
412183778,0.00970755,0.0320208,0.0253904,0.507833
412215779,-0.0108128,0.00857144,0.0222447,0.510266
412247750,-0.0519889,0.016292,0.0192027,0.511095
412275780,-0.070397,0.00997603,0.0170102,0.510863
412308550,-0.100901,-0.00127114,0.0137239,0.510575
412340582,-0.118894,-0.00961313,0.0106062,0.509259
412372547,-0.129075,-0.0567291,0.00757252,0.493135
412404553,-0.112573,-0.0948889,0.00415862,0.483272
412436621,-0.08554,-0.140136,0.00107626,0.479766
412468556,-0.0710794,-0.149468,-0.00258878,0.480612
412496556,-0.0661101,-0.15834,-0.0059867,0.480869
412528581,-0.0753992,-0.176016,-0.0101549,0.480722
412560582,-0.0910347,-0.158424,-0.0137437,0.480717
412592547,-0.106641,-0.127579,-0.0164465,0.480724
412624551,-0.136922,-0.0971302,-0.0194721,0.480724
412656625,-0.205736,-0.0678343,-0.0223724,0.480723
412688575,-0.217749,-0.0413126,-0.0243492,0.480723
412720556,-0.212054,-0.0258694,-0.0264085,0.480723
412752550,-0.199037,-0.0953626,-0.0299326,0.48181
412784550,-0.171781,-0.154298,-0.0330251,0.482818
412816599,-0.0664181,-0.239338,-0.0360231,0.483247
412848588,0.0185732,-0.260496,-0.037883,0.483147
412880547,0.0886134,-0.351041,-0.0413267,0.483123
412912549,0.0975449,-0.35235,-0.0431271,0.483133
412944556,0.0216323,-0.311237,-0.0441219,0.483133
412972553,-0.0370112,-0.263761,-0.0439903,0.483132
413004553,-0.089188,-0.203865,-0.0426121,0.483132
413036619,-0.143177,-0.195181,-0.0418629,0.483133
413068581,-0.178031,-0.217338,-0.0414481,0.483133
413100580,-0.198922,-0.351205,-0.0427615,0.483133
413132556,-0.182206,-0.33594,-0.0417549,0.483133
413164550,-0.10631,-0.320597,-0.042218,0.483971
413196602,-0.0452214,-0.314015,-0.0423794,0.484389
413228576,0.0323352,-0.353716,-0.0443867,0.484361
413256627,0.0707017,-0.335143,-0.0443173,0.484328
413288551,0.0875284,-0.295805,-0.0436676,0.484081
413320574,0.0650434,-0.242073,-0.0410363,0.479414
413352550,0.0452127,-0.175093,-0.0382328,0.459589
413384548,0.0196326,-0.120664,-0.0355026,0.449118
413416628,-0.012651,-0.0753251,-0.032174,0.444561
413448555,-0.0430523,-0.0405056,-0.0293112,0.445614
413476553,-0.0720565,-0.0174546,-0.026723,0.445688
413508557,-0.0994983,-0.000561426,-0.0235642,0.445034
413540547,-0.127464,0.0178744,-0.0199827,0.44472
413572547,-0.127168,0.0219387,-0.0177072,0.445387
413604550,-0.0719283,0.0454811,-0.016349,0.445884
413636622,-0.018975,0.0560371,-0.0150288,0.445808
413668552,0.030305,0.0616324,-0.0134125,0.445773
413700557,0.0855346,0.0673258,-0.0116398,0.445782
413728583,0.122416,0.0611,-0.0102591,0.446033
413760552,0.155449,0.0718876,-0.00816896,0.446622
413792552,0.18624,0.138493,-0.00493562,0.447079
413824586,0.168593,0.149852,-0.00217777,0.447011
413856625,0.126105,0.199076,0.00151659,0.44698
413888580,0.0774622,0.249195,0.00516949,0.446987
413920555,0.0441346,0.386564,0.00907176,0.446989
413952563,0.0179966,0.379799,0.0100583,0.446988
413980561,0.000599874,0.339357,0.0107614,0.446988
414012550,-0.0123404,0.328483,0.0123152,0.446988
414044549,-0.0233033,0.317339,0.0136893,0.446988
414076609,-0.0145164,0.320093,0.0148427,0.448324
414108550,-0.00650334,0.317964,0.016434,0.450171
414140547,0.0041301,0.436164,0.0191277,0.452313
414172547,0.0185195,0.426202,0.0207501,0.452774
414204585,0.0310505,0.389233,0.0222564,0.453077
414232570,0.0380939,0.332042,0.0231969,0.456013
414264581,0.0399077,0.274789,0.0241469,0.466552
414296625,0.035108,0.224276,0.025138,0.480823
414328575,0.0234309,0.192452,0.0263312,0.490918
414360554,0.00949143,0.149181,0.0272832,0.489739
414392547,-0.00161244,0.130634,0.0287434,0.488995
414424550,-0.0178939,0.124853,0.0296639,0.489122
414456628,-0.0320338,0.14227,0.0312332,0.48917
414484583,-0.0397836,0.142284,0.0320931,0.489158
414516629,-0.0417222,0.137723,0.0332333,0.489154
414548547,-0.038307,0.127646,0.0340154,0.489995
414580550,-0.0283869,0.114937,0.0346661,0.490414
414612550,-0.0111451,0.0866214,0.0352172,0.490385
414644552,-0.000143005,0.0561426,0.0355512,0.490352
414676619,0.00721687,0.00501095,0.0356394,0.49036
414708555,0.00969394,-0.0290888,0.0361278,0.490363
414736629,0.00983117,-0.0531434,0.0366332,0.490362
414768554,0.00975173,-0.0732118,0.0373784,0.490361
414800552,-0.0010015,-0.0763246,0.0379931,0.490361
414832550,-0.0140363,-0.0672062,0.0389611,0.490361
414864550,-0.0258368,-0.049679,0.0396835,0.490361
414896626,-0.0325063,-0.0302306,0.0404983,0.490361
414928605,-0.0235931,-0.00919235,0.0411592,0.490361
414960559,-0.0185864,0.0101744,0.0413544,0.490361
414988556,-0.00483071,0.0148359,0.0414232,0.490361
415020549,0.0598836,-0.0296643,0.0414363,0.490361
415052552,0.123541,-0.12777,0.0411104,0.490361
415084577,0.125129,-0.193536,0.0397647,0.490361
415116627,0.11539,-0.337326,0.0381221,0.490361
415148547,0.100053,-0.360091,0.0378774,0.490361
415180557,0.0809254,-0.363061,0.0379636,0.490361
415212561,0.0859184,-0.423865,0.0386283,0.490361
415240558,0.064976,-0.391453,0.0394237,0.490361
415272549,0.0133159,-0.37,0.0394714,0.490361
415304574,-0.0241106,-0.336899,0.0403836,0.490361
415336628,-0.044344,-0.293838,0.0410406,0.490361
415368553,-0.0454019,-0.293611,0.0412813,0.490361
415400578,-0.0401223,-0.258674,0.0414203,0.490361
415432555,-0.0272515,-0.272212,0.040128,0.490361
415464592,-0.0145088,-0.238235,0.0392313,0.490361
415492564,-0.0134011,-0.20598,0.0376204,0.490361
415524555,-0.0271967,-0.197395,0.0359941,0.490361
415556638,-0.0276999,-0.192575,0.0341443,0.490361
415588549,-0.0389168,-0.194736,0.0317121,0.490361
415620554,-0.0427926,-0.1706,0.0294895,0.490361
415652547,-0.0422194,-0.178506,0.0268674,0.49061
415684550,-0.0359038,-0.174259,0.0243916,0.49344
415716630,-0.0145337,-0.188473,0.0214111,0.51328
415744591,-0.0066815,-0.182743,0.0190683,0.51917
415776632,0.00102243,-0.16985,0.0168555,0.519416
415808555,0.0391906,-0.167589,0.0133562,0.517664
415840555,0.0603398,-0.157453,0.0104123,0.516805
415872556,0.0684388,-0.145601,0.00827197,0.516795
415904554,0.101861,-0.162433,0.0044781,0.516876
415936629,0.0947398,-0.135061,0.00283013,0.516874
415968566,0.0522058,-0.0934172,0.00208384,0.516028
415996624,0.0337638,-0.0700948,0.000889108,0.51561
416028592,0.017534,-0.0521943,-0.000965963,0.515572
416060554,0.00476138,-0.027827,-0.00347628,0.515672
416092558,-0.00444563,0.00587469,-0.0059512,0.515422
416124551,-0.0308445,0.0584224,-0.00779736,0.512911
416156621,-0.0468682,0.060204,-0.00971615,0.508339
416188550,-0.0504373,0.0522538,-0.0123723,0.503042
416220557,-0.0646994,0.0620964,-0.0141369,0.4994
416248562,-0.0647779,0.0611201,-0.0161097,0.499781
416280555,-0.0509351,0.0388678,-0.018786,0.500056
416312555,-0.0307146,0.0179306,-0.0213427,0.500014
416344589,-0.0152991,0.000856303,-0.0236186,0.499994
416376625,-0.0542207,0.0646406,-0.0225275,0.494405
416408549,-0.0623768,0.128884,-0.0228148,0.487178
416440549,-0.0491343,0.198059,-0.0234989,0.480492
416472562,-0.0375129,0.200653,-0.0240246,0.480354
416504577,-0.0257382,0.241043,-0.023989,0.480761
416536627,-0.00666269,0.250478,-0.0239286,0.480755
416568551,0.0344216,0.251584,-0.0245681,0.481806
416600547,0.0490634,0.207109,-0.0240137,0.482816
416632547,0.0618215,0.154521,-0.0234994,0.483496
416664579,0.0602991,0.103522,-0.0223923,0.483986
416696556,0.0528549,0.0554179,-0.0209215,0.484372
416724560,0.0567071,0.0393303,-0.0197115,0.484361
416756621,0.0601241,0.0471753,-0.0180677,0.48433
416788550,0.0686262,0.084084,-0.016164,0.48433
416820549,0.0805359,0.215861,-0.0135512,0.484338
416852550,0.0604025,0.286627,-0.0106474,0.484338
416884547,0.0216042,0.373682,-0.00735949,0.484337
416916624,-0.00516261,0.397625,-0.00445325,0.484337
416948554,-0.0464928,0.463487,-0.00173094,0.484337
416976626,-0.061101,0.495289,0.000349852,0.484337
417008548,-0.0630355,0.528928,0.00217184,0.484337
417040548,-0.0520358,0.669737,0.00380297,0.484337
417072556,-0.0351486,0.627115,0.00499966,0.484337
417104574,-0.0161963,0.580878,0.00514725,0.484337
417136627,0.00269163,0.472965,0.00521897,0.484337
417168549,0.018623,0.367661,0.00515682,0.484337
417200553,0.029425,0.256621,0.00469726,0.484337
417228587,0.0339225,0.179408,0.00472976,0.484337
417260549,0.0348057,0.115032,0.00465226,0.484337
417292552,0.031248,0.0657524,0.00486776,0.484586
417324549,0.0249758,0.0546307,0.00514315,0.485843
417356619,0.0171065,0.054668,0.0051441,0.486472
417388550,0.00983844,0.0661848,0.00536984,0.486822
417420550,0.00427482,0.0850935,0.005336,0.486762
417452556,0.00137811,0.106858,0.00482739,0.486737
417480560,0.00156561,0.108083,0.00411236,0.486746
417512547,0.00382058,0.0892463,0.00268392,0.486499
417544580,0.00958814,0.0314326,0.000576728,0.485909
417576628,0.0191599,-0.163709,-0.00292852,0.485451
417608547,0.0307803,-0.308313,-0.00623699,0.48527
417640547,0.0487214,-0.591382,-0.0109124,0.483455
417672549,0.0525802,-0.653992,-0.0141912,0.482991
417704559,0.046332,-0.675972,-0.0175624,0.483017
417732556,0.0325353,-0.706843,-0.0204286,0.482062
417764582,0.0236329,-0.637201,-0.0224368,0.481046
417796626,0.0139537,-0.639216,-0.0247752,0.479768
417828582,0.00759527,-0.58842,-0.0266423,0.479451
417860549,-0.000285047,-0.583143,-0.0285465,0.477919
417892550,-0.00839918,-0.472983,-0.0296597,0.475257
417924549,-0.0143217,-0.378438,-0.0314519,0.46695
417956626,-0.0143571,-0.277288,-0.0328918,0.462748
417984560,-0.0089702,-0.21505,-0.0350674,0.459854
418016547,0.00452405,-0.196433,-0.0386011,0.456701
418048547,0.0165365,-0.165678,-0.0415729,0.456412
418080551,0.0367493,-0.185828,-0.0457615,0.456634
418112549,0.0529383,-0.198524,-0.0498488,0.456648
418144553,0.0656571,-0.210084,-0.0534623,0.456633
418176625,0.0711193,-0.217823,-0.0570903,0.456625
418208555,0.0723073,-0.213736,-0.060387,0.456626
418236632,0.0725942,-0.215221,-0.0629481,0.456627
418268547,0.0765636,-0.235607,-0.0658452,0.456627
418300552,0.076197,-0.207964,-0.067935,0.456875
418332550,0.0805783,-0.176667,-0.0699318,0.457634
418364550,0.0662607,-0.152411,-0.0708733,0.457084
418396627,0.0563293,-0.157323,-0.0718013,0.45578
418428581,0.0459103,-0.144687,-0.0723212,0.4501
418460553,0.0365137,-0.108838,-0.0722856,0.44814
418488595,0.0319908,-0.0775494,-0.0723,0.4478
418520575,0.0291992,-0.0303248,-0.0722956,0.449805
418552547,0.0138056,0.0401294,-0.071167,0.454491
418584579,-0.078452,0.265622,-0.0652368,0.478699
418616629,-0.0949455,0.343597,-0.0636767,0.485716
418648564,-0.0839546,0.381964,-0.0634131,0.485951
418680560,-0.0681083,0.436613,-0.0630379,0.485229
418712566,-0.0546526,0.424776,-0.0623489,0.486297
418740559,-0.0421214,0.467913,-0.0610281,0.487132
418772553,-0.020681,0.446322,-0.0602008,0.48761
418804554,0.000414562,0.475716,-0.0585625,0.48828
418836635,0.0162158,0.423896,-0.0571559,0.488813
418868557,0.0274074,0.362775,-0.0557902,0.489201
418900547,0.0329998,0.304536,-0.0546225,0.489179
418932552,0.0326808,0.226499,-0.0536002,0.489148
418964553,0.028898,0.165526,-0.052298,0.489156
418992590,0.0233683,0.134259,-0.0510002,0.489158
419024589,0.0164661,0.125354,-0.0490021,0.489406
419056629,0.0108008,0.17203,-0.0467793,0.493427
419088554,0.00641941,0.169247,-0.0446165,0.497642
419121359,0.00443244,0.157336,-0.0421428,0.513222
419153347,0.00697914,0.18629,-0.0397283,0.517858
419181351,0.0125334,0.195327,-0.0376569,0.517087
419213353,0.0208921,0.192481,-0.0347597,0.516755
419245349,0.0307198,0.195445,-0.0327271,0.517697
419277352,0.0397622,0.172971,-0.0301672,0.517888
419309347,0.0465159,0.165737,-0.0280114,0.516839
419341362,0.0477191,0.138445,-0.0255609,0.516766
419373383,0.040631,0.125467,-0.0234506,0.516876
419405347,0.0365004,0.100224,-0.0210441,0.516877
419433350,0.0324088,0.0906839,-0.0192479,0.516869
419465350,0.0214791,0.0595857,-0.017315,0.516618
419497384,0.0127575,-0.0302074,-0.016095,0.516029
419529374,0.0144219,-0.231693,-0.0154289,0.514733
419561347,0.0181035,-0.267393,-0.0139736,0.514382
419593351,0.0266327,-0.283914,-0.0116883,0.514442
419625375,0.0294869,-0.309975,-0.0104077,0.514468
419657355,0.031471,-0.316878,-0.00873623,0.514465
419685349,0.0371704,-0.294206,-0.00692463,0.51312
419717351,0.0387373,-0.247926,-0.00457683,0.510777
419749383,0.0369,-0.288921,-0.00346155,0.506619
419781380,0.0338704,-0.31364,-0.00154413,0.505831
419813346,0.0298502,-0.335445,-0.000249791,0.503882
419845352,0.0267949,-0.280866,0.00221471,0.503473
419877349,0.0245399,-0.259279,0.00375906,0.503603
419909355,0.0241399,-0.244777,0.00514543,0.503631
419937384,0.023868,-0.235987,0.0061564,0.503623
419969352,0.0250612,-0.264403,0.00682303,0.503364
420001383,0.0253901,-0.277107,0.00733255,0.502277
420033382,0.0235359,-0.282667,0.00781332,0.500432
420065355,0.0213044,-0.274299,0.00854534,0.49369
420097357,0.0186176,-0.234437,0.00892383,0.487862
420129378,0.0154776,-0.170234,0.0102466,0.480687
420161385,0.015285,-0.0965206,0.0109917,0.480252
420193352,0.0138797,0.0775531,0.0127127,0.480753
420225347,0.0119253,0.201703,0.0141377,0.480767
420257347,0.0107129,0.374709,0.0154926,0.480718
420289358,0.0118567,0.450788,0.0163507,0.480968
420321420,0.0205236,0.522181,0.0164711,0.48198
420353387,0.0271513,0.474044,0.0157054,0.482019
420385352,0.032255,0.438307,0.0156502,0.482757
420413347,0.0346316,0.38667,0.0149523,0.483176
420445356,0.0359797,0.30276,0.0141907,0.483222
420477349,0.0362363,0.207363,0.0138729,0.483124
420509377,0.0347545,0.129318,0.0130258,0.483125
420541385,0.0316031,0.0743317,0.0133073,0.483131
420573374,0.0266529,0.0761257,0.013678,0.483133
420605352,0.0213889,0.0879715,0.0152625,0.483133
420637385,0.0162542,0.116977,0.0162679,0.483133
420665349,0.0127991,0.115806,0.0177049,0.483133
420697353,0.00992558,0.0993817,0.0189065,0.483133
420729349,0.00928184,0.0202701,0.0199016,0.483133
420761384,0.0104975,0.0119475,0.0215036,0.483133
420793381,0.0138535,-0.0424972,0.0222619,0.483133
420825347,0.0175549,-0.0931646,0.0235084,0.483133
420857350,0.0193862,-0.132506,0.0242442,0.483133
420889351,0.0172334,-0.278143,0.0242511,0.483133
420917349,0.0216099,-0.364818,0.0248175,0.483133
420949356,0.0234661,-0.419034,0.0256518,0.483133
420981376,0.0212146,-0.494211,0.0267535,0.483133
421013383,0.0174413,-0.452135,0.028982,0.483133
421045351,0.0134453,-0.358225,0.031914,0.483133
421077374,0.0100798,-0.261447,0.0346588,0.483133
421109382,0.00765314,-0.16073,0.0375099,0.483381
421141352,0.00598669,-0.0639417,0.0399364,0.484887
421169377,0.00578422,-0.00230706,0.0416092,0.486354
421201357,0.00674899,0.042523,0.0437279,0.487713
421233350,0.00937814,0.0287979,0.0441469,0.488082
421265358,0.0125899,0.0165465,0.0456123,0.487956
421297357,0.0163566,-0.0196044,0.0453426,0.487942
421329386,0.0278153,-0.0659821,0.0451055,0.487953
421361354,0.0546118,-0.137632,0.0440633,0.487954
421393356,0.129541,-0.276681,0.0408086,0.4882
421421347,0.129494,-0.307018,0.0412353,0.48879
421453363,0.0668166,-0.272698,0.0440158,0.489248
421485347,0.0146706,-0.202609,0.0469543,0.48918
421517357,-0.0289771,-0.0957534,0.0497035,0.489148
421549368,-0.0558529,0.0625228,0.0526041,0.489156
421581363,-0.0634989,0.143176,0.0541099,0.489158
421613353,-0.0716025,0.214156,0.0560062,0.489157
421645349,-0.0717269,0.247799,0.0571148,0.489157
421673387,-0.0679374,0.253956,0.0581425,0.489157
421705356,-0.0792489,0.230223,0.0596683,0.485553
421737354,-0.105239,0.182368,0.0614058,0.483042
421769378,-0.208676,0.154463,0.0651823,0.480853
421801354,-0.245513,0.106354,0.0658104,0.480593
421833349,-0.25484,0.0519432,0.0653038,0.48065
421865347,-0.220617,0.00187682,0.063282,0.480737
421897373,-0.177555,-0.0349045,0.0619201,0.480728
421925349,-0.139827,-0.0494876,0.0607319,0.480722
421957394,-0.102465,-0.0425052,0.06084,0.480723
421989380,-0.0666448,-0.0186207,0.0606049,0.480972
422021377,0.0183797,0.0407219,0.0596803,0.482228
422053389,0.0848964,0.0781115,0.0585348,0.482857
422085347,0.189397,0.0873513,0.0546804,0.483214
422117350,0.218772,0.084916,0.0523509,0.48265
422149349,0.212859,0.0537174,0.050774,0.467405
422177347,0.177105,0.021593,0.0498074,0.452553
422209367,0.127993,-0.00961266,0.0491896,0.443802
422241347,0.0727835,-0.0204278,0.0488533,0.444545
422273381,0.010163,-0.0241733,0.0486787,0.446919
422305384,-0.138488,0.0421214,0.0511382,0.451638
422337360,-0.275906,0.0970905,0.0531007,0.45445
422369349,-0.450993,0.235287,0.0563877,0.463079
422401383,-0.441543,0.268089,0.0550894,0.466302
422429352,-0.391748,0.276945,0.0536423,0.469641
422461349,-0.323391,0.261509,0.0515381,0.481017
422493347,-0.241417,0.232436,0.0498716,0.484944
422525375,-0.123608,0.202294,0.0478583,0.489103
422557349,-0.0170424,0.150574,0.0456103,0.489471
422589385,0.0641844,0.0940612,0.0440451,0.489283
422621378,0.110899,0.0468104,0.0431222,0.489126
422653354,0.120336,0.00449656,0.0422941,0.489148
422685350,0.106555,-0.0276681,0.0419707,0.489159
422713360,0.0770209,-0.0478698,0.0419619,0.489157
422745347,0.0383617,-0.0577259,0.0421678,0.489156
422777376,-0.00770303,-0.0574573,0.0425307,0.489157
422809349,-0.0385971,-0.0477173,0.0424663,0.489157
422841376,-0.0534123,-0.0314125,0.0424974,0.489157
422873384,-0.0342574,-0.0131217,0.0418299,0.489157
422905355,0.0715802,0.00374154,0.0406,0.489157
422933380,0.123771,0.014033,0.0393764,0.489157
422965351,0.155008,0.0195468,0.0378846,0.489406
422997347,0.163469,0.0182233,0.0369867,0.489995
423029376,0.162582,0.0112435,0.035839,0.490452
423061349,0.149791,0.000752919,0.0352006,0.490385
423093384,0.12174,-0.0105006,0.0345966,0.490352
423125360,0.0867005,-0.020388,0.0340488,0.49036
423157384,0.0423145,-0.0270456,0.0335075,0.490363
423185355,0.00556289,-0.0288798,0.0332514,0.490362
423217354,-0.00496659,-0.0277595,0.032432,0.490361
423249383,-0.0153592,-0.0233643,0.0321486,0.490361
423281360,-0.0161217,-0.0160798,0.0309601,0.490113
423313352,-0.00400355,-0.0039519,0.0304673,0.486681
423345353,0.0297006,0.00142293,0.0290074,0.484037
423377350,0.158425,0.00571354,0.0273661,0.482822
423409386,0.195009,0.00916802,0.0261206,0.48284
423437382,0.188934,0.0110152,0.0253518,0.481901
423469364,0.17618,0.0122745,0.0246279,0.481837
423501380,0.151904,0.0133066,0.0240411,0.481096
423533352,0.115573,0.0138341,0.0235809,0.480679
423565349,0.0735628,0.0148737,0.0229169,0.477528
423597349,0.0321792,0.0164107,0.0223869,0.473186
423629375,-0.0348799,0.0182529,0.0218037,0.470493
423661351,-0.107754,0.0200725,0.0213531,0.470961
423689353,-0.164901,0.0214287,0.0209089,0.471154
423721349,-0.182314,0.0223481,0.0200726,0.471089
423753347,-0.159263,0.0225893,0.0189466,0.471076
423785349,-0.129325,0.0224911,0.0175743,0.471084
423817381,-0.0896659,0.0221578,0.016196,0.471085
423849351,-0.0487241,0.021539,0.0147134,0.471085
423881376,-0.0119212,0.0214103,0.0133802,0.471084
423913349,0.015139,0.0209717,0.0121979,0.471333
423941351,0.0212073,0.0211946,0.0113677,0.472421
423973352,-0.0648678,0.0209927,0.0111817,0.479833
424005351,-0.148027,0.0215903,0.0110863,0.484201
424037349,-0.251695,0.0226546,0.0110575,0.487214
424069353,-0.289156,0.0239337,0.010844,0.486936
424101347,-0.328361,0.0231035,0.0106193,0.486702
424133379,-0.344906,0.0185006,0.00995887,0.486735
424165349,-0.35833,0.0134177,0.00984167,0.487839
424193352,-0.306114,0.00998214,0.00878094,0.488843
424225351,-0.222999,0.0056352,0.00799052,0.489519
424257347,-0.141273,0.000678524,0.00701736,0.490258
424289352,-0.0622333,0.0002282,0.00624798,0.494465
424321354,0.00551314,-0.00354893,0.00614505,0.49604
424353390,0.103896,-0.00827888,0.00552433,0.495025
424385347,0.166732,-0.00939922,0.00587122,0.493989
424417380,0.28028,-0.0107018,0.00602587,0.491789
424445349,0.301565,-0.0144897,0.00665424,0.491411
424477349,0.294659,-0.0170019,0.00752219,0.491465
424509347,0.27418,-0.0157596,0.00877332,0.491335
424541350,0.206533,-0.0133628,0.0101749,0.489989
424573384,0.13813,-0.0106123,0.0117642,0.487295
424605347,0.077029,-0.00721368,0.0133832,0.483937
424637375,0.0293092,-0.00453519,0.0148149,0.484095
424669353,0.000227381,-0.00520798,0.016064,0.484077
424697347,-0.0106754,-0.0105903,0.0171332,0.483099
424729384,-0.0130823,-0.00897579,0.0180384,0.483289
424761375,-0.00409578,-0.00753599,0.0187719,0.486074
424793381,0.0106299,-0.00902185,0.019458,0.48695
424825357,0.0248607,-0.00891738,0.0196401,0.487622
424857371,0.0344626,-0.00795399,0.020309,0.487977
424889357,0.0368699,-0.0055411,0.0206055,0.488026
424921386,0.0306079,-0.00217545,0.0210036,0.487697
424949347,0.0189715,0.00158849,0.0215151,0.487107
424981349,0.0206542,0.00666127,0.0212782,0.485818
425013349,0.0227003,0.0116972,0.0212795,0.485467
425045350,0.0206193,0.0159639,0.0208823,0.48546
425077349,0.00221573,0.0184821,0.0205096,0.48605
425109376,-0.0179197,0.0184881,0.0202858,0.487226
425141355,-0.0312988,0.0172765,0.0196573,0.488305
425173386,-0.035335,0.0146128,0.018869,0.489255
425201385,-0.0373776,0.0126384,0.0181393,0.489229
425233351,-0.0627517,0.0150124,0.0172366,0.489145
425265361,-0.0678646,0.0120405,0.0161678,0.489151
425297357,-0.0619122,0.00878659,0.0147086,0.489158
425329355,-0.0557988,0.00769353,0.0133811,0.489406
425361353,-0.0447839,0.00868735,0.0121265,0.489995
425393350,-0.0157587,0.0109246,0.0102971,0.490452
425425356,-0.00696832,0.013597,0.00887864,0.490385
425453347,-0.00121561,0.0157196,0.0075272,0.489266
425485364,0.00532363,0.0174871,0.00563221,0.487269
425517352,0.0105717,0.0183364,0.00374399,0.482811
425549353,-0.00859146,0.0158937,0.00171418,0.482755
425581385,-0.037571,0.0098375,-9.99021e-05,0.483056
425613350,-0.0839779,0.00402446,-0.00174864,0.483164
425645349,-0.0944975,0.00119076,-0.00404194,0.483135
425677381,-0.101324,-0.00612789,-0.00556874,0.484466
425705355,-0.103481,-0.00964697,-0.00743883,0.486067
425737387,-0.1019,-0.0098696,-0.009545,0.486942
425769377,-0.148954,-0.00211369,-0.010955,0.486785
425801485,-0.174852,0.00362291,-0.0125335,0.486721
425833349,-0.203834,0.00937051,-0.0141841,0.486746
425865380,-0.175865,0.0170416,-0.0158468,0.486999
425897349,-0.122092,0.0185365,-0.0179479,0.488004
425929377,-0.0834936,0.0179463,-0.0196827,0.488042
425957373,-0.0550115,0.0203008,-0.0208081,0.487975
425990159,-0.0253838,0.0225571,-0.0224779,0.487944
426022155,-0.00394096,0.018992,-0.023632,0.487951
426054165,0.0154686,0.0167626,-0.0247825,0.486616
426086160,0.0157359,0.0144477,-0.0256171,0.485018
426118152,-0.00470239,0.000540922,-0.0264024,0.483294
426150185,-0.0182555,-0.00964443,-0.0273027,0.483541
426178221,-0.0231252,-0.013443,-0.0278352,0.484994
426210153,0.00969956,-0.0410474,-0.0292664,0.485903
426242157,0.0350985,-0.058689,-0.0304058,0.484794
426274157,0.0336811,-0.0792901,-0.0313608,0.484197
426306152,0.0222805,-0.069812,-0.0319072,0.48481
426338186,0.0236602,-0.0428867,-0.0321207,0.486282
426370154,0.0255997,0.000661931,-0.0323331,0.488186
426402190,0.0217856,0.0214412,-0.0325766,0.48759
426434154,0.0469202,0.0230338,-0.033982,0.484326
426466155,0.0767395,0.0207049,-0.0348817,0.483255
426498155,0.110514,0.0149428,-0.0361534,0.482541
426530188,0.103831,0.0146384,-0.0368268,0.481458
426562154,0.0870326,0.00342349,-0.0369682,0.480638
426594202,0.059981,-0.0515636,-0.0378419,0.481513
426626187,0.0299667,-0.0996019,-0.038312,0.481996
426654193,-0.00961327,-0.133098,-0.0383419,0.482034
426686170,-0.0706268,-0.10444,-0.0375451,0.483253
426718176,-0.0933998,-0.0469257,-0.0369273,0.485599
426750152,-0.104933,0.0301671,-0.0363935,0.489519
426782160,-0.0921197,0.0531017,-0.0361656,0.489468
426814152,-0.0763358,0.0642534,-0.0362016,0.487186
426846153,-0.0525109,0.0716272,-0.0360842,0.48578
426878222,-0.0110431,0.0557387,-0.036583,0.483732
426906181,0.0267511,0.02808,-0.0369679,0.483026
426938186,0.0632077,-0.00624908,-0.037578,0.482976
426970151,0.0949518,-0.046326,-0.0379399,0.483398
427002147,0.0951187,-0.0643595,-0.0376153,0.484482
427034212,0.0798387,-0.0747636,-0.0375406,0.485852
427066161,0.0576133,-0.0824327,-0.0369457,0.484607
427098155,0.03727,-0.0954102,-0.0365913,0.481853
427130224,0.0171391,-0.0860688,-0.0359548,0.481164
427162158,0.00335731,-0.0736266,-0.0353985,0.481886
427194154,-0.00749637,-0.0606792,-0.0342637,0.482014
427226199,-0.000202229,-0.0358316,-0.0337176,0.482174
427258156,0.00882299,-0.00541534,-0.0325984,0.483504
427290156,0.0212226,0.0145475,-0.0312586,0.486994
427322155,0.0339666,0.019456,-0.0304261,0.487044
427354187,0.0339633,0.0149306,-0.0288668,0.485873
427382189,0.031569,0.0171344,-0.0274153,0.485465
427414158,0.0275771,0.019594,-0.0258555,0.485698
427446143,-0.016425,0.036883,-0.0233278,0.48681
427478181,-0.0617111,0.0489379,-0.0208028,0.486846
427510155,-0.132348,0.0746957,-0.0179733,0.486737
427542157,-0.159101,0.0739327,-0.0163302,0.486738
427574154,-0.165795,0.0788757,-0.0145159,0.486748
427606182,-0.152045,0.0782392,-0.0133944,0.486748
427634194,-0.132058,0.0888485,-0.0120671,0.486747
427666159,-0.104629,0.119733,-0.0100513,0.486747
427698155,-0.0612441,0.107655,-0.00917864,0.486747
427730248,0.0274075,0.0849492,-0.00847374,0.487834
427762153,0.0909869,0.0627185,-0.00745999,0.488842
427794156,0.171377,0.0189634,-0.00735818,0.489271
427826157,0.190739,-0.0423328,-0.00658688,0.489171
427858185,0.175724,-0.158114,-0.00682419,0.489148
427886195,0.145057,-0.199642,-0.00537956,0.489157
427918180,0.10543,-0.249628,-0.00349514,0.48866
427950153,0.0673655,-0.249605,-0.000838839,0.487479
427982154,0.0306101,-0.254036,0.00197791,0.486565
428014155,-0.00384277,-0.222086,0.00468551,0.4867
428046154,-0.0264863,-0.172737,0.00742486,0.486765
428078185,-0.0349812,-0.121905,0.00962414,0.486749
428110187,-0.0299964,-0.0829436,0.0111946,0.486745
428138246,-0.0193594,-0.0612568,0.0125648,0.487586
428170157,-0.0022684,-0.0373688,0.0135318,0.487755
428202155,0.0166916,-0.0416679,0.0143812,0.48647
428234157,0.0355097,-0.0492584,0.0146579,0.485559
428266156,0.0471573,-0.0639494,0.014796,0.483364
428298151,0.0499991,-0.0758904,0.0153067,0.482727
428330188,0.0442447,-0.0914704,0.0153127,0.481942
428362187,0.0330872,-0.112262,0.0156831,0.480598
428394248,0.0204501,-0.114845,0.0160726,0.480617
428426197,0.0120443,-0.0997162,0.0165122,0.481577
428458189,0.000336038,-0.0793359,0.016766,0.481988
428490155,-0.0035396,-0.0582265,0.0169769,0.48195
428522152,-0.00387474,-0.0380201,0.0169313,0.481918
428554155,-0.0017627,-0.0178735,0.0165531,0.48192
428586197,0.00376671,-0.00224589,0.0160033,0.481929
428614187,0.0133941,0.0061723,0.0152022,0.481928
428646156,0.0234649,0.00587228,0.0139412,0.481928
428678202,0.0291426,-0.0109123,0.0124048,0.481928
428710154,0.0324454,-0.0201759,0.0109392,0.481928
428742153,0.0325799,-0.0292655,0.00905054,0.481928
428774201,0.0292609,-0.0392314,0.00744121,0.481928
428806155,0.0233827,-0.0458083,0.00540886,0.481928
428838213,0.0160474,-0.0455406,0.00364647,0.481928
428866192,0.00965464,-0.0383174,0.00189055,0.481928
428898184,0.00681275,-0.0235256,-0.00037868,0.481928
428930184,0.0457975,0.00785348,-0.00325794,0.482177
428962150,0.0556985,0.0296662,-0.00606362,0.482766
428994156,0.0591552,0.0359147,-0.0083422,0.483223
429026159,0.072464,0.0357229,-0.0114207,0.483156
429058186,0.0900966,0.0347316,-0.0143911,0.483372
429090190,0.0907827,0.0288958,-0.0168673,0.484388
429118213,0.0801636,0.0177606,-0.018942,0.484429
429150158,0.0689401,0.0058276,-0.0209716,0.484361
429182155,0.0577036,-0.00520739,-0.023341,0.484329
429214160,0.0450135,-0.0133207,-0.0253157,0.484336
429246156,0.03334,-0.00657937,-0.0272594,0.484338
429278156,0.0242816,-0.00405334,-0.0291941,0.484835
429310150,0.0176366,0.0165753,-0.0313112,0.486851
429342190,0.0152452,0.0301744,-0.032711,0.486929
429370185,0.0151724,0.0419081,-0.0341199,0.486729
429402152,0.0190014,0.0491654,-0.0358076,0.486731
429434146,0.0203627,0.0709514,-0.0367781,0.487588
429466158,0.0251448,0.0696272,-0.0376657,0.488005
429498148,0.0328474,0.0581559,-0.0385637,0.488043
429530186,0.0395164,0.0312949,-0.0396922,0.487943
429562151,0.043146,0.00667117,-0.0401532,0.487944
429594185,0.0420903,-0.0500627,-0.0412128,0.487953
429622194,0.0347103,-0.0842488,-0.041849,0.487952
429654157,0.0255438,-0.101309,-0.0421464,0.487952
429686158,0.0194308,-0.0959633,-0.0428734,0.487952
429718177,0.0174927,-0.0917705,-0.0433955,0.487952
429750155,0.0157338,-0.0831538,-0.0442884,0.487952
429782197,0.0143302,-0.0667121,-0.0447861,0.487952
429814154,0.0136802,-0.046236,-0.0453336,0.487952
429846188,0.0137281,-0.0269127,-0.0455372,0.487952
429874194,0.0140049,-0.0142448,-0.0460156,0.487952
429906203,0.0147936,-0.00524529,-0.0464184,0.487952
429938187,0.0160664,0.000565979,-0.0466106,0.487952
429970198,0.0184936,0.00540668,-0.0469274,0.487952
430002151,0.0204294,6.61746e-05,-0.0475531,0.487952
430034157,0.0220352,-0.00888072,-0.0479569,0.487952
430066161,0.0220112,-0.0193824,-0.0485816,0.487952
430098185,0.0171518,-0.026545,-0.0493231,0.487952
430126188,0.010814,-0.0169924,-0.0497011,0.487703
430158176,0.0128125,0.0283417,-0.0505205,0.486695
430190154,0.0165392,0.0358267,-0.0509886,0.486656
430222157,0.0275046,0.0389636,-0.0522623,0.486507
430254153,0.0316465,0.0333124,-0.053161,0.485916
430286160,0.0334464,0.0256792,-0.0541326,0.485491
430318177,0.035901,0.0221498,-0.0547697,0.485518
430350199,0.0342651,0.014526,-0.0561278,0.485551
430378219,0.033584,0.00831884,-0.0570665,0.48555
430410156,0.0261941,0.0291558,-0.0578767,0.485541
430442161,-0.00115165,0.0620618,-0.0586606,0.485542
430474150,-0.0835543,0.179199,-0.0581517,0.485542
430506147,-0.107769,0.192766,-0.0591532,0.485791
430538187,-0.11333,0.173978,-0.0602247,0.48663
430570156,-0.104203,0.149836,-0.0616624,0.488933
430602190,-0.0930706,0.134437,-0.0629118,0.489323
430630188,-0.0833458,0.132147,-0.0640123,0.489163
430662951,-0.070051,0.114559,-0.0646189,0.489138
430694952,-0.0544556,0.130893,-0.0656382,0.489157
430726947,-0.0387437,0.097112,-0.0665039,0.489158
430758981,-0.0260644,0.0618905,-0.0672991,0.489157
430790950,-0.0232678,0.0488042,-0.0678354,0.489156
430819072,-0.0215677,0.0534003,-0.0681724,0.489157
430851046,-0.0191032,0.0678094,-0.067888,0.489157
430882950,-0.0208242,0.0821783,-0.0679523,0.489406
430914975,-0.0280599,0.104047,-0.0672405,0.490413
430946952,-0.0361528,0.106794,-0.0669208,0.490452
430978976,-0.0426608,0.11961,-0.0664635,0.490352
431010951,-0.0469041,0.118461,-0.0661522,0.490354
431042950,-0.0480032,0.135421,-0.0653448,0.490363
431070947,-0.0447273,0.157551,-0.0649595,0.490362
431102953,-0.0365743,0.183031,-0.0642153,0.490361
431134950,-0.028515,0.19204,-0.0637513,0.490361
431166948,-0.0254616,0.181448,-0.0631413,0.490361
431198950,-0.0254646,0.157764,-0.0629739,0.490361
431230947,-0.0255807,0.166317,-0.0623494,0.490361
431262953,-0.0253437,0.154412,-0.0618331,0.490361
431294952,-0.0282391,0.137278,-0.0609527,0.490361
431322950,-0.0368955,0.130634,-0.0606459,0.490361
431354953,-0.0391881,0.11915,-0.0597558,0.490361
431386947,-0.0356625,0.115771,-0.0589181,0.489523
431418951,-0.0358162,0.0998063,-0.0578679,0.48786
431450950,-0.0377203,0.0819042,-0.0571206,0.480924
431482952,-0.0380722,0.0631539,-0.0558364,0.479335
431514954,-0.0371195,0.0457237,-0.0548817,0.479175
431546953,-0.0349258,0.0322585,-0.053231,0.479552
431574997,-0.0356798,0.0225718,-0.0521827,0.479548
431606950,-0.036511,0.0168565,-0.0507102,0.479514
431638947,-0.0347889,0.0215436,-0.0487753,0.479516
431670949,-0.0323859,0.0343304,-0.0465001,0.479767
431702958,-0.0300936,0.0436069,-0.0442863,0.480357
431734950,-0.0269658,0.054028,-0.041769,0.480775
431766947,-0.023663,0.0601367,-0.0393086,0.480746
431799006,-0.0181682,0.0606944,-0.036853,0.480714
431826950,-0.00941129,0.0590492,-0.0345006,0.480715
431858950,0.0032414,0.0542905,-0.031782,0.480724
431890950,0.00625942,0.0471101,-0.0291614,0.480724
431922950,0.00685097,0.0385712,-0.0267551,0.480723
431954953,0.00704886,0.030443,-0.0241989,0.480723
431986948,0.00506052,0.0242589,-0.0219481,0.480723
432018950,0.0010558,0.0206051,-0.0193254,0.480723
432050950,-0.00341583,0.0173684,-0.017017,0.480474
432079045,-0.00765745,0.0124618,-0.015082,0.479884
432111051,-0.0107636,0.0121524,-0.0123291,0.479466
432142954,-0.0120039,0.0193059,-0.00985918,0.479495
432175072,-0.0107358,0.0278095,-0.00737925,0.479527
432206950,-0.00155506,0.0355697,-0.00493307,0.479519
432238952,0.00653899,0.0425352,-0.0023406,0.479517
432270963,0.0126127,0.0481874,-6.76198e-05,0.479518
432302950,0.0193875,0.0496031,0.00206251,0.479518
432331067,0.0263191,0.0455141,0.00411639,0.479518
432363049,0.0306376,0.0354061,0.0062314,0.479518
432394981,0.0286417,0.0334961,0.00788938,0.479518
432427049,0.0258308,0.0311106,0.00987076,0.479518
432458950,0.0282506,0.0207144,0.0117771,0.479518
432490949,0.0240499,0.011812,0.0131151,0.479518
432522949,0.019678,0.00301103,0.0147438,0.479767
432554953,0.0171799,0.00718802,0.0165065,0.480357
432586949,0.0166916,0.0100201,0.0178308,0.480814
432618947,0.0169674,0.0184065,0.0193413,0.480746
432650953,0.0186035,0.0271556,0.0210575,0.480465
432682947,0.0205174,0.0372071,0.0222484,0.480304
432714992,0.0225942,0.0499958,0.0237056,0.480685
432746952,0.0236461,0.0609928,0.0253436,0.480755
432778956,0.0244519,0.0677004,0.0264936,0.480722
432806954,0.0240883,0.0692476,0.0276253,0.480716
432838975,0.0230925,0.0674562,0.029243,0.480723
432870951,0.0221262,0.0644791,0.0304073,0.480724
432902950,0.020282,0.0610199,0.0316648,0.480723
432934950,0.0187451,0.0600807,0.0333493,0.480723
432966947,0.0173396,0.0603261,0.0347183,0.480723
432998952,0.0159783,0.0576362,0.0363293,0.480723
433030947,0.00952482,0.0204387,0.0376058,0.480723
433058955,0.00555057,0.00791675,0.0388611,0.480723
433090951,0.00435262,0.00711087,0.0405192,0.480723
433122947,0.00444807,0.0182794,0.0422572,0.480723
433154953,0.00578399,0.0386945,0.044094,0.480723
433186949,0.0358229,0.058925,0.0465526,0.480723
433218972,0.069542,0.0727455,0.0485966,0.480723
433250950,0.140265,0.0756514,0.0508598,0.480723
433282951,0.154494,0.0812861,0.0525642,0.480723
433310953,0.148935,0.0744622,0.0534995,0.480723
433342947,0.129975,0.0417065,0.0543562,0.480723
433374947,0.108077,0.0378953,0.0557262,0.480723
433406953,0.0817993,0.0304222,0.0567054,0.480723
433438973,0.054083,-0.032284,0.0574187,0.480723
433470950,0.0292529,-0.0651731,0.0586274,0.480723
433502954,0.0104898,-0.0827487,0.0593863,0.480723
433534990,-0.00148026,-0.0696331,0.060514,0.480972
433562953,-0.00377922,-0.0704207,0.0611913,0.481562
433594975,0.00111188,-0.0706272,0.0616217,0.482019
433626950,0.0134725,-0.0302477,0.0622232,0.481951
433658979,0.035656,0.0125972,0.0621359,0.48192
433690950,0.0567238,0.0377695,0.0621747,0.481927
433722947,0.086513,-0.0347423,0.0615713,0.481928
433754958,0.0896043,-0.0439837,0.0611274,0.481928
433786952,0.0861839,-0.0278472,0.060789,0.482766
433815071,0.0791248,-0.012649,0.0600969,0.483184
433846950,0.0626863,-0.000427406,0.0593795,0.483223
433878974,0.0479807,0.00166298,0.0583746,0.483123
433910962,0.0294819,0.0125147,0.0569779,0.483125
433942952,0.010677,0.0106122,0.0560983,0.483131
433974947,0.00451061,-0.0482045,0.054475,0.483972
434006954,0.00451084,-0.0575008,0.053321,0.484389
434038992,-0.0101811,-0.0569352,0.0518492,0.484361
434066950,-0.0159906,-0.0336561,0.0503546,0.484328
434098980,-0.0127203,-0.00433878,0.0489298,0.484578
434130947,8.87354e-05,0.0196601,0.0466725,0.488111
434162953,0.0143362,0.0432788,0.0446192,0.489404
434194975,0.0258564,0.0371005,0.0422432,0.489218
434226947,0.0334631,0.0417614,0.039768,0.489121
434258953,0.0363594,0.0477871,0.0376833,0.489132
434290952,0.0346889,0.0564589,0.0352358,0.489161
434319044,0.0313988,0.0619823,0.0332288,0.489159
434350950,0.026406,0.0645041,0.0309269,0.489157
434382950,0.0213623,0.0709618,0.0286821,0.489156
434414984,0.017229,0.0751534,0.026466,0.489157
434446948,0.0154941,0.0764904,0.0246047,0.489406
434478952,0.015105,0.078839,0.0225621,0.489995
434510950,0.0174488,0.0685093,0.020999,0.490452
434542950,0.0221345,0.0575087,0.0193194,0.490385
434570952,0.0278391,0.0457565,0.0178544,0.490352
434602947,0.03447,0.0225858,0.0167162,0.490609
434634950,0.0399327,0.016342,0.0154894,0.492197
434666950,0.0438281,-0.0299543,0.0143939,0.505135
434698950,0.0439184,-0.0439379,0.0137933,0.513194
434730950,0.0402485,-0.0414827,0.0130664,0.51775
434762953,0.0341187,-0.0263249,0.0130246,0.517107
434794953,0.0273965,-0.00748623,0.0125222,0.516789
434823046,0.0214933,0.0111126,0.0123957,0.516855
434855046,0.0172871,0.0302365,0.0126361,0.516878
434886955,0.0160364,0.0470232,0.0124482,0.516868
434919071,0.0170944,0.0622221,0.0129188,0.516866
434951045,0.0198683,0.0682724,0.0126982,0.516867
434983044,0.0225095,0.0536937,0.0132174,0.516868
435015089,0.0247822,0.0450941,0.0131344,0.516868
435047045,0.025208,0.0248288,0.013715,0.516867
435074953,0.0247623,0.00863766,0.0137765,0.516619
435106947,0.0245429,-0.0310632,0.0141709,0.515611
435138979,0.0239306,-0.05711,0.0146508,0.515323
435170950,0.00390331,-0.0919169,0.015826,0.511088
435202947,-0.0311017,-0.106391,0.0177088,0.50299
435234949,-0.0727034,-0.110418,0.0199731,0.493956
435266951,-0.131036,-0.0993087,0.0227185,0.48647
435298993,-0.134479,-0.0777167,0.0244285,0.486307
435326952,-0.12326,-0.0583548,0.0249978,0.486793
435358947,-0.10411,-0.0370149,0.0257586,0.486785
435390950,-0.0810092,-0.0148321,0.026521,0.486752
435423047,-0.0605297,0.0104362,0.0270749,0.486495
435455056,-0.0339344,0.0218462,0.0275968,0.485908
435486951,-0.00981069,0.0170122,0.0276517,0.485452
435519046,0.00893133,-7.28827e-05,0.0277492,0.485519
435551043,0.0184377,-0.0531494,0.0275387,0.48555
435582959,0.015245,-0.0670819,0.0280604,0.485543
435610947,0.0122632,-0.0636702,0.0286564,0.484703
435642947,0.00163243,-0.0628644,0.0293434,0.484285
435674981,-0.0127706,-0.0539322,0.0304308,0.484314
435706951,-0.0245206,-0.0416816,0.031691,0.484347
435738980,-0.0314589,-0.0281951,0.0324828,0.485341
435770949,-0.027316,-0.0148752,0.0332786,0.490202
435802950,-0.0203267,-0.00499615,0.0340084,0.490776
435830961,-0.0116681,-0.00230699,0.0345301,0.490546
435862949,-0.000180962,-0.0081283,0.0353464,0.49032
435894950,0.0125444,-0.0137896,0.0357575,0.490349
435926950,0.0237979,-0.0327649,0.0364647,0.490365
435958956,0.0319161,-0.0507299,0.0370201,0.490362
435991044,0.033994,-0.0651964,0.0377498,0.490361
436022952,0.0290605,-0.0773929,0.0393593,0.490361
436054996,0.0163317,-0.0878546,0.0407572,0.490361
436082955,0.00646377,-0.0833255,0.0422101,0.490361
436114974,-0.0124655,-0.0694617,0.0443365,0.490361
436146950,-0.0215873,-0.0529955,0.0458486,0.490361
436178979,-0.0322246,-0.0303385,0.0474719,0.490361
436210947,-0.042662,-0.0163723,0.0492164,0.490361
436242950,-0.0492938,-0.00146059,0.0506654,0.490361
436274994,-0.0634316,0.0400323,0.0531108,0.490361
436306950,-0.0527986,0.0433003,0.0536208,0.490361
436334952,-0.0356601,0.0337731,0.0537142,0.490361
436367041,-0.00340533,0.0117554,0.0537208,0.490361
436398997,0.0169073,-0.0153622,0.0535787,0.490361
436430950,0.0444089,-0.0525026,0.0533021,0.490361
436462947,0.0586219,-0.0790653,0.0535301,0.490361
436494989,0.0610854,-0.0989265,0.0541957,0.490361
436526950,0.0593632,-0.111462,0.0550998,0.490361
436559003,0.0533162,-0.108099,0.0562364,0.490361
436586950,0.0438126,-0.0988222,0.0569507,0.490361
436619073,0.0285527,-0.0837378,0.058714,0.490361
436650950,0.0159588,-0.0657773,0.059591,0.490361
436682952,0.00723657,-0.0493356,0.0604181,0.490361
436714947,0.00170144,-0.0366427,0.0609871,0.490361
436746976,0.000168881,-0.029654,0.0611928,0.490361
436778997,0.00233143,-0.0237915,0.061249,0.490859
436810952,0.00744919,-0.025543,0.0606467,0.492536
436839750,0.0116564,-0.0259782,0.0603412,0.496305
436871747,0.00542455,-0.0254354,0.0600012,0.49791
436903751,-0.0250687,-0.0123761,0.0608598,0.501445
436935826,-0.108414,0.0277981,0.0636692,0.507445
436967753,-0.127058,0.0279447,0.0631735,0.507663
436999748,-0.124709,0.0219562,0.0622193,0.506349
437027960,-0.11298,0.0096773,0.0605852,0.505934
437059753,-0.107876,0.00185414,0.0588248,0.505927
437091750,-0.156997,0.0186958,0.0597603,0.506626
437123750,-0.162227,0.0189391,0.0586591,0.506064
437155781,-0.130726,0.0056947,0.0565349,0.505955
437187780,-0.0965132,-0.0109862,0.0537938,0.505187
437219749,-0.0664999,-0.0252206,0.0517244,0.503281
437251752,-0.0394395,-0.0373887,0.0494137,0.498206
437279911,-0.00725102,-0.04657,0.0469511,0.488675
437311755,0.0238138,-0.0584772,0.0443889,0.488427
437343913,0.0730332,-0.0671294,0.0411977,0.487558
437375781,0.106327,-0.0730728,0.0381424,0.486706
437407748,0.1481,-0.0752033,0.0351474,0.485852
437439784,0.136631,-0.0716312,0.0334367,0.485504
437471748,0.134907,-0.053828,0.0318152,0.486361
437503752,0.136528,-0.0548198,0.0295432,0.486806
437535783,0.149561,-0.0627383,0.0269089,0.486771
437563750,0.128,-0.0560612,0.0256918,0.486737
437595752,0.0977136,-0.034322,0.0246786,0.486739
437627747,0.0671671,0.0328637,0.0245394,0.486997
437659754,0.0423567,0.0437989,0.0230693,0.487586
437691780,0.0321241,0.107805,0.022586,0.488043
437723748,0.0243987,0.147644,0.0216435,0.487975
437755782,0.0200127,0.186527,0.0204198,0.488192
437787749,0.0188383,0.242781,0.0198133,0.489207
437819749,0.0224171,0.206527,0.0178815,0.489249
437851750,0.0271014,0.152437,0.0165148,0.48943
437883750,0.0288334,0.0971748,0.0147794,0.490405
437915813,0.0286776,0.0407743,0.0135379,0.490451
437947753,0.0261126,0.0164567,0.0130881,0.490353
437979749,0.0201038,0.0439504,0.0130803,0.49036
438011750,0.0122334,0.026448,0.0130159,0.490363
438039752,0.00285977,0.00347767,0.012773,0.490362
438071751,-0.00947638,-0.0185989,0.012937,0.490362
438103757,-0.0197946,-0.030794,0.0128342,0.490361
438135746,-0.0231434,-0.0356023,0.0127064,0.490361
438167749,-0.0234484,-0.030096,0.012714,0.490361
438199747,-0.0204974,-0.00748442,0.0126167,0.490361
438231754,-0.0157515,0.0178742,0.0126206,0.490361
438259759,-0.0122536,0.0258188,0.0121587,0.490361
438291752,-0.00629188,0.013227,0.0116244,0.490361
438323754,0.000185485,-0.000497642,0.0106398,0.490361
438355780,0.000878834,-0.0177322,0.0100112,0.490361
438387754,-0.0035455,-0.04287,0.00900402,0.490361
438419778,-0.0731295,-0.0915352,0.00735818,0.490361
438451752,-0.131641,-0.109528,0.00650104,0.490113
438483749,-0.198024,-0.12509,0.00510226,0.489105
438515777,-0.19473,-0.130921,0.00430756,0.489066
438547750,-0.178639,-0.124927,0.00354973,0.489133
438579749,-0.153224,-0.110934,0.00274259,0.488077
438611747,-0.120592,-0.0923226,0.00178247,0.486354
438643936,-0.0830792,-0.0661822,0.00116693,0.485793
438675937,-0.0436567,-0.035403,0.00054867,0.484978
438707746,0.000536876,0.00125663,0.000294147,0.482766
438735776,0.0245567,0.0219294,3.23661e-05,0.481872
438767939,0.0437147,0.038282,-0.000245527,0.480997
438799746,0.0885743,0.0651138,-0.000208929,0.480624
438831752,0.107331,0.0741513,0.000311309,0.48071
438863749,0.125331,0.0799285,0.000211347,0.480731
438895755,0.101162,0.0697017,0.000216641,0.480723
438927749,0.0863042,0.0874128,0.000874143,0.480722
438959747,0.0707035,0.0803453,0.00077163,0.480723
438987752,0.0606003,0.0714078,0.000915796,0.480723
439019750,0.0474604,0.0751625,0.00144842,0.480723
439051761,0.0292442,0.0698123,0.00148309,0.480972
439083752,0.0171837,0.0687347,0.00184362,0.481562
439115778,0.0117504,0.0688246,0.00233281,0.482019
439147751,0.0126325,0.0613972,0.00289546,0.481951
439179749,0.0141997,0.0843786,0.00382396,0.48192
439211747,0.013683,0.092255,0.00471264,0.481927
439239752,0.0133584,0.0924509,0.0055216,0.481929
439271750,0.0111073,0.0906495,0.00628797,0.481928
439303747,0.00648202,0.0799077,0.00756398,0.481928
439335752,0.000409713,0.0651925,0.00858543,0.481679
439367753,-0.0073416,0.0490763,0.00981099,0.481089
439399755,-0.0162647,0.03292,0.0110717,0.480632
439431752,-0.0247822,0.0186897,0.0126148,0.480699
439463747,-0.0322427,0.0237598,0.0143027,0.480731
439491937,-0.0376367,0.028235,0.0157197,0.480724
439523761,-0.0412452,0.030212,0.0172311,0.480722
439555763,-0.0435206,0.0348839,0.0188285,0.480723
439587756,-0.0439163,0.0362913,0.0203675,0.480723
439619753,-0.0432306,0.0396741,0.0215211,0.480723
439651792,-0.0412927,0.0467309,0.0231679,0.480723
439683753,-0.0380217,0.0489471,0.024256,0.480723
439715749,-0.0346398,0.0463922,0.0258727,0.480972
439743749,-0.0305377,0.040229,0.0269115,0.481562
439775749,-0.0244787,0.0323012,0.0279164,0.48198
439807747,-0.020917,0.0164443,0.0291037,0.481951
439839789,-0.0218944,0.00117111,0.0299325,0.481919
439871747,-0.02471,-0.0100085,0.0308613,0.481927
439903797,-0.0275409,-0.0156423,0.0320402,0.481929
439935781,-0.026569,-0.018396,0.0327389,0.481928
439967747,-0.0292478,-0.0180493,0.0339985,0.481928
439995758,-0.0234699,-0.0147485,0.0349936,0.481928
440027941,0.0210208,-0.0166676,0.0365414,0.481679
440059911,0.0552272,-0.0243248,0.0380425,0.481089
440091752,0.0816812,-0.036955,0.038673,0.480671
440123753,0.0819871,-0.0572265,0.0389396,0.4807
440155780,0.067857,-0.059433,0.0391128,0.480732
440187938,0.0515892,-0.0598181,0.0390142,0.480724
440219750,0.0323865,-0.0538742,0.0392972,0.480722
440247938,0.0142681,-0.0610385,0.0391649,0.480723
440279939,-0.00613515,-0.0504615,0.038862,0.480723
440311940,-0.0235786,-0.0420259,0.0387259,0.480723
440343749,-0.0356279,-0.0558692,0.038179,0.480723
440375783,-0.0419435,-0.054847,0.0375428,0.480723
440407747,-0.0420293,-0.042432,0.0364792,0.480723
440439749,-0.0381188,-0.0255585,0.0356518,0.480723
440471752,-0.0316571,-0.00986394,0.0340936,0.480723
440499755,-0.0259341,0.00279419,0.0331205,0.480723
440531940,-0.0198893,0.0132536,0.0315273,0.480723
440563941,-0.0163528,0.0211795,0.02974,0.480474
440595971,-0.0209619,0.0308047,0.0280731,0.479715
440627971,-0.0277692,0.0356618,0.0261011,0.480266
440659756,-0.0446566,0.0419479,0.0241839,0.480823
440691752,-0.0552719,0.0459637,0.0220489,0.480754
440723747,-0.0847423,0.0563799,0.0201486,0.480714
440751938,-0.0986477,0.0603751,0.0183245,0.480721
440783942,-0.103834,0.0651638,0.0159638,0.480724
440815936,-0.102787,0.066731,0.0143334,0.480723
440847752,-0.0927719,0.0619881,0.0122478,0.480723
440879747,-0.0833891,0.0575244,0.0103316,0.480723
440911754,-0.0629735,0.0534782,0.00877424,0.480723
440943749,-0.042126,0.0509216,0.00678362,0.480723
440975780,-0.0247467,0.049675,0.00575798,0.480723
441003940,-0.0130877,0.050233,0.00451592,0.480723
441035966,-0.00438204,0.0529574,0.00302057,0.480723
441067750,-0.000288047,0.0569891,0.0023735,0.480723
441099754,-0.00108797,0.0606059,0.00156618,0.480723
441131749,-0.00485289,0.0604422,0.000904629,0.480723
441163794,-0.0102131,0.0559474,0.000304951,0.480723
441195751,-0.0155094,0.0592684,-0.000271126,0.480723
441227749,-0.0192787,0.0598365,-0.000717945,0.480723
441255775,-0.0206877,0.048016,-0.00143772,0.480723
441287749,-0.0190816,0.0418617,-0.00214656,0.480723
441319750,-0.0154188,0.0388305,-0.00259666,0.480972
441351749,-0.00956155,0.0150681,-0.00341159,0.48198
441383751,-0.00329353,-0.00016402,-0.00407318,0.482019
441415774,0.00251407,-0.00176667,-0.00451268,0.481919
441447752,0.00594451,0.00951976,-0.0050214,0.48192
441479747,0.00540494,0.0220037,-0.00509915,0.481929
441511750,0.0024872,0.0355435,-0.0054669,0.481928
441539752,-0.00178343,0.0468353,-0.00569377,0.481928
441571749,0.00334157,0.0476652,-0.00536477,0.481928
441603758,0.00378619,0.0421706,-0.0059851,0.481928
441635775,-0.000958932,0.021757,-0.00618757,0.481928
441667796,-0.00424987,0.00823069,-0.00663165,0.481928
441699752,-0.00280918,-0.00868005,-0.00718133,0.482177
441731747,0.0105816,-0.0584562,-0.00754763,0.483184
441759749,0.0179758,-0.0782735,-0.00813808,0.483472
441791750,0.0320095,-0.0739517,-0.00829279,0.48438
441823765,0.0311456,-0.0524718,-0.00836906,0.48442
441855782,0.0253955,-0.0261371,-0.00870684,0.48436
441887747,0.00354357,-0.00997003,-0.00841979,0.48433
441919758,-0.0183691,-0.0202537,-0.00852334,0.484336
441951751,-0.0520395,-0.0712331,-0.00838319,0.484338
441983750,-0.0686759,-0.0562923,-0.00820899,0.484337
442011749,-0.0856256,-0.0346037,-0.00798297,0.484337
442043749,-0.0872649,-0.014117,-0.00741885,0.484337
442075752,-0.0839301,-0.0169483,-0.00784021,0.484337
442107749,-0.0675058,-0.0446892,-0.00782024,0.484337
442139747,-0.0479408,-0.165858,-0.0090093,0.484337
442171752,-0.0280901,-0.182466,-0.00968149,0.484337
442203754,-0.0110344,-0.163536,-0.00985682,0.484337
442235773,0.00101161,-0.128611,-0.00980371,0.484337
442263755,0.00663263,-0.0945277,-0.00979895,0.484337
442295743,0.00730531,-0.0521538,-0.0095155,0.484337
442327750,0.00295931,-0.00481245,-0.00936719,0.484337
442359749,-0.00444353,0.0386211,-0.00908684,0.484337
442391747,-0.012803,0.0709772,-0.00948994,0.484586
442423795,-0.0193577,0.0939637,-0.0092178,0.486172
442455939,-0.0284368,0.114324,-0.00981865,0.496097
442487911,-0.031171,0.11351,-0.0099846,0.501225
442516629,-0.0285317,0.100978,-0.0106423,0.503208
442548547,-0.0193349,0.0781699,-0.0116859,0.502448
442580551,-0.00717667,0.0529999,-0.0127058,0.502321
442612555,0.00477858,0.0297152,-0.0138486,0.502412
442644556,0.013579,0.01228,-0.0145533,0.502916
442676628,0.0195828,0.00258004,-0.0154388,0.513216
442708563,0.0216902,0.00189119,-0.0157269,0.518826
442736628,0.0203534,0.00753976,-0.0158426,0.520546
442768555,0.0154618,0.0191129,-0.0159001,0.520755
442800583,0.00861204,0.033816,-0.0157914,0.522057
442832548,0.000537963,0.0471949,-0.0154926,0.526385
442864550,-0.00690114,0.0557857,-0.0152993,0.526855
442896611,-0.0133311,0.0570661,-0.015001,0.526659
442928575,-0.0178645,0.0402319,-0.0146987,0.526472
442960561,-0.0193899,0.0180146,-0.014722,0.526496
442988580,-0.0191743,-0.0302709,-0.0145803,0.526509
443020560,-0.0170419,-0.0536815,-0.0145852,0.526507
443052557,-0.00533451,-0.0942415,-0.0146676,0.525667
443084554,0.0131579,-0.141896,-0.0150518,0.525249
443116550,0.057476,-0.255042,-0.0162627,0.523601
443148549,0.0576707,-0.269002,-0.0160281,0.522797
443180551,0.0508731,-0.258947,-0.014835,0.522469
443212557,0.0431548,-0.252299,-0.0145483,0.520565
443240588,0.0367908,-0.221121,-0.0128506,0.519516
443272564,0.0254165,-0.173511,-0.0122096,0.519113
443304547,0.0131189,-0.129904,-0.0102364,0.519021
443336625,0.00430798,-0.0926598,-0.00928558,0.518208
443368550,0.0104549,-0.0719838,-0.00800341,0.516724
443400581,0.0167263,-0.0544079,-0.0073953,0.516751
443432547,0.0239523,-0.0565758,-0.00653716,0.516885
443464560,0.0266416,-0.0651578,-0.00600857,0.516877
443492553,0.0451916,-0.100458,-0.00604766,0.515778
443524567,0.0403477,-0.106469,-0.00503798,0.514523
443556627,0.0152875,-0.102745,-0.00335191,0.512232
443588576,-0.0253835,-0.0879625,-0.000999324,0.505777
443620585,-0.0304098,-0.0841229,-0.00021753,0.504673
443652547,-0.0360169,-0.0727428,0.000923645,0.504759
443684552,-0.0407258,-0.0554498,0.00158306,0.504844
443716556,-0.0427843,-0.0391518,0.00310914,0.504822
443744555,-0.0353186,-0.0253098,0.00342201,0.504816
443776549,-0.0292489,-0.00805875,0.00411902,0.504818
443808552,-0.0284955,0.0150672,0.00475654,0.50482
443840549,-0.0171661,0.0210604,0.00506461,0.504819
443872555,-0.00275632,0.0205241,0.00485688,0.504819
443904550,0.00847785,0.00919309,0.00494682,0.503981
443936626,0.0123408,-0.00474615,0.00516994,0.503065
443968557,-0.00749869,-0.0148644,0.00610475,0.497069
443996628,-0.0287586,-0.0144986,0.00738353,0.490737
444028551,-0.0461073,-0.00928986,0.008079,0.484209
444060549,-0.056145,-0.00415763,0.0085344,0.480548
444092547,-0.0967186,-0.00247816,0.0100982,0.480481
444124552,-0.149815,-0.000809463,0.0119081,0.481029
444156549,-0.262627,-0.00323686,0.0166501,0.481994
444188557,-0.266526,-0.00233069,0.0168442,0.48201
444220564,-0.223297,0.00107439,0.0157649,0.481918
444248553,-0.177625,0.00453799,0.014569,0.481921
444280549,-0.121363,0.0113901,0.0130992,0.481929
444312549,-0.0618996,0.0110011,0.0119531,0.481928
444344550,-0.00884005,0.00714271,0.0105867,0.481928
444376554,0.0265587,0.00218664,0.0098821,0.481928
444408559,0.0492682,-0.00325933,0.00955708,0.481928
444440552,0.0562162,-0.00811631,0.00929312,0.481928
444472566,0.0476263,-0.0109716,0.00913846,0.481928
444500556,0.0377169,0.00417575,0.00954937,0.481928
444532590,0.0221629,0.0112556,0.00957213,0.481928
444564549,0.0195575,0.0120222,0.00861703,0.481928
444596621,0.0121232,0.00859249,0.0084419,0.481928
444628552,0.00877523,0.00242501,0.00786971,0.481928
444660573,0.0313734,-0.00359959,0.00664357,0.482766
444692550,0.0544997,-0.0105908,0.00571597,0.483433
444724560,0.127734,-0.0582344,0.00218381,0.485159
444752552,0.15642,-0.0856769,0.000958507,0.487184
444784555,0.159951,-0.0961043,0.00118262,0.488961
444816620,0.139871,-0.0838995,0.0021864,0.489311
444848552,0.118642,-0.0718955,0.00319468,0.489152
444880551,0.0939402,-0.0673277,0.00417479,0.489146
444912555,0.0642626,-0.063218,0.00458876,0.489159
444944556,0.035666,-0.0545745,0.00526033,0.489157
444976621,0.0130773,-0.0430206,0.00558706,0.489156
445004558,-0.00119884,-0.0353094,0.00565642,0.489156
445036624,-0.012304,-0.0299864,0.0060253,0.489157
445068550,-0.0151162,-0.0286464,0.00575968,0.489157
445100549,-0.0104381,-0.0309237,0.00534351,0.489157
445132560,-0.000970077,-0.0361004,0.00499157,0.489157
445164547,0.009924,-0.0429321,0.00422905,0.489157
445196556,0.0192207,-0.0505379,0.00376752,0.489157
445228567,0.0248039,-0.0564254,0.00326258,0.489157
445256556,0.0178607,-0.041979,0.00328469,0.487571
445288552,0.000690364,-0.030303,0.00406226,0.485135
445320547,-0.055398,0.0130112,0.00572045,0.482785
445352553,-0.105733,0.0529284,0.00732282,0.482981
445384557,-0.160714,0.0888467,0.00904564,0.483144
445416555,-0.223875,0.105705,0.0105156,0.482304
445448552,-0.225035,0.0907754,0.00983563,0.481873
445480588,-0.219948,0.102346,0.00896426,0.481904
445508559,-0.19484,0.0872911,0.00762206,0.481937
445540554,-0.155566,0.0504121,0.00618258,0.481936
445572553,-0.112601,0.00267064,0.00396113,0.481927
445604553,-0.0675737,-0.0450091,0.00249566,0.481927
445636626,-0.0169346,-0.0873775,0.000846369,0.481928
445668546,0.0402631,-0.121202,-0.000244757,0.481928
445700555,0.0523332,-0.144656,-0.000411501,0.482177
445732554,0.0552122,-0.157258,-9.03871e-06,0.483184
445760575,0.0542419,-0.159134,0.000512971,0.483223
445792556,0.0624531,-0.153362,0.001063,0.483123
445824556,0.0579907,-0.143898,0.00197233,0.483125
445856630,0.0551454,-0.139956,0.00271598,0.483131
445888550,0.0710559,-0.163821,0.00250921,0.483133
445920550,0.0635532,-0.157092,0.00338993,0.483133
445952547,0.0477843,-0.133648,0.00456022,0.483133
445984558,0.0333212,-0.119454,0.00604436,0.483133
446012572,0.0235929,-0.111404,0.00662156,0.483133
446044557,0.0168514,-0.0931577,0.00757826,0.483133
446076598,0.0258325,-0.0776161,0.00767421,0.483133
446108556,0.0653274,-0.0467145,0.00729671,0.483133
446140585,0.0867417,-0.0508563,0.00697044,0.483133
446172558,0.099889,-0.0567989,0.00639766,0.483381
446204555,0.102632,-0.00769109,0.0067275,0.486066
446236649,0.0885648,0.0297124,0.00729242,0.486942
446264557,0.0736405,0.0829707,0.00770219,0.487201
446296598,0.0658298,0.233742,0.00837105,0.488816
446328554,0.0510136,0.243028,0.00716436,0.489282
446360581,0.0380857,0.204262,0.00501159,0.489174
446392557,0.0241637,0.160005,0.00278408,0.489141
446424557,0.0144047,0.111495,0.000182158,0.489147
446456625,0.00969897,0.06086,-0.00213365,0.489158
446488560,0.00918632,0.0111383,-0.00483883,0.489157
446516627,0.0106157,-0.0268477,-0.00673292,0.489156
446548557,0.0118061,-0.0617329,-0.00866344,0.489405
446580550,0.011187,-0.0847235,-0.0108074,0.489995
446612553,0.00936226,-0.0972947,-0.012418,0.490452
446644583,0.00533515,-0.0990563,-0.0139008,0.490385
446676631,0.00150376,-0.0932033,-0.0150457,0.490354
446708547,-0.002394,-0.082221,-0.0165165,0.49036
446740555,-0.00473846,-0.0707098,-0.0175838,0.490362
446768562,-0.00521926,-0.0625695,-0.018818,0.490361
446800588,-0.00575606,-0.0539143,-0.0203912,0.490361
446832550,-0.00441469,-0.0468051,-0.0218474,0.490113
446864547,-0.00214297,-0.0479881,-0.0238018,0.489105
446896606,0.000675812,-0.0520947,-0.0256166,0.489066
446928573,-0.00265072,-0.0595619,-0.0274571,0.489166
446960553,-0.00402291,-0.0611675,-0.0288807,0.489165
446992557,-0.00409871,-0.05855,-0.0309819,0.489156
447020562,-0.00537229,-0.0506383,-0.0320407,0.489156
447052552,-0.00835244,-0.0385319,-0.0332779,0.489157
447084547,-0.0122089,-0.0161818,-0.0349014,0.489157
447116551,-0.0150881,0.0017941,-0.0363497,0.489157
447148550,-0.0133236,0.072908,-0.0375426,0.489995
447180594,-0.00773455,0.105177,-0.0390922,0.490413
447212552,-0.0022397,0.109536,-0.0414032,0.490452
447244555,0.00170872,0.096151,-0.0430526,0.490352
447272553,0.00440806,0.0923864,-0.0451984,0.490105
447304552,0.00745074,0.0978782,-0.0476591,0.489522
447336623,0.00905636,0.126603,-0.0492502,0.488818
447368549,0.0082983,0.114768,-0.0518229,0.485734
447401350,0.00616486,0.0916523,-0.0541926,0.483678
447433347,0.0028906,0.0828068,-0.0563247,0.481824
447461381,-0.00103939,0.0758737,-0.0580913,0.481016
447493351,-0.00537354,0.072033,-0.0604928,0.480615
447525349,-0.00947534,0.0813956,-0.0624271,0.480708
447557356,-0.0127811,0.0763815,-0.0642695,0.480736
447589375,-0.0147201,0.0837545,-0.0661133,0.480723
447621381,-0.0150145,0.0855881,-0.0680164,0.480721
447653358,-0.0131203,0.109013,-0.0691365,0.480225
447685351,-0.011079,0.110827,-0.0707207,0.478299
447713355,-0.00888825,0.108317,-0.0720425,0.463643
447745352,-0.009517,0.0930325,-0.0734388,0.45428
447777351,-0.0138855,0.0760562,-0.074744,0.448661
447809349,-0.0191006,0.0682773,-0.0758957,0.447973
447841384,-0.0221912,0.0537486,-0.0771576,0.449307
447873349,-0.0261291,0.0432521,-0.0779874,0.451616
447905353,-0.030149,0.0373504,-0.0788646,0.451965
447937376,-0.0328025,0.0469756,-0.079325,0.45265
447965351,-0.0348469,0.0460791,-0.0796077,0.453047
447997382,-0.0362831,0.047995,-0.0800092,0.453096
448029349,-0.0359031,0.0533093,-0.0800091,0.454249
448061349,-0.034066,0.0479966,-0.0802434,0.462424
448093347,-0.0306005,0.0451241,-0.0800887,0.489236
448125382,-0.026993,0.0455053,-0.0800379,0.49139
448157352,-0.0217602,0.0447823,-0.079962,0.489018
448189355,-0.0172727,0.0405673,-0.0794791,0.488947
448217349,-0.0140523,0.036892,-0.0792108,0.489106
448249350,-0.0113855,0.0341495,-0.0784296,0.489179
448281347,-0.0100188,0.0319825,-0.07821,0.48891
448313397,-0.00988386,0.0299139,-0.0776262,0.488315
448345355,-0.0115216,0.0280966,-0.0766448,0.487861
448377350,-0.013651,0.0253196,-0.0759682,0.487929
448409358,-0.015622,0.0240467,-0.0752136,0.487961
448441350,-0.0161488,0.0383417,-0.073899,0.487953
448469355,-0.0164282,0.0420463,-0.0730368,0.487951
448501355,-0.016113,0.046426,-0.0721357,0.487703
448533382,-0.0143611,0.051297,-0.0706779,0.487113
448565360,-0.0103188,0.0548957,-0.0690017,0.486695
448597378,-0.00332601,0.0603274,-0.0672868,0.486724
448629401,0.0105864,0.0618199,-0.0654592,0.486756
448661399,0.0697097,0.0576793,-0.0623185,0.486499
448693386,0.105077,0.0442226,-0.060098,0.485907
448721354,0.131722,0.0267876,-0.057921,0.48549
448753348,0.133091,-0.00358014,-0.0557547,0.485519
448785350,0.114581,-0.00736495,-0.0537736,0.485551
448817349,0.091969,-0.0137388,-0.0515612,0.485543
448849350,0.0651646,-0.0147904,-0.0495539,0.485541
448881397,0.0376517,-0.0110458,-0.0470641,0.485542
448913348,0.0137307,-0.00661258,-0.0448204,0.485542
448945353,-0.00686456,0.00776489,-0.0424621,0.485542
448973382,-0.0431609,0.0214642,-0.040731,0.485542
449005347,-0.0545214,0.0344744,-0.0386427,0.485542
449037357,-0.0533936,0.0452719,-0.0363777,0.485542
449069355,-0.0577923,0.0636295,-0.034309,0.485542
449101362,-0.0473413,0.0745026,-0.032251,0.485542
449133430,-0.0351373,0.0793428,-0.0304737,0.485542
449165367,-0.0199725,0.0787508,-0.0282508,0.485542
449197388,-0.00407999,0.0748608,-0.0264443,0.485542
449225349,-0.00238732,0.0713114,-0.0248635,0.485542
449257369,-0.00593968,0.0696613,-0.0226218,0.485542
449289351,-0.0117159,0.0721692,-0.0209811,0.485542
449321351,-0.0220188,0.076806,-0.0192873,0.485542
449353355,-0.0321192,0.0810824,-0.0171697,0.485542
449385351,-0.0467155,0.0874462,-0.0158858,0.485542
449417358,-0.0484078,0.0944551,-0.0137915,0.485542
449449353,-0.0409623,0.10005,-0.0120133,0.485542
449477376,-0.0314121,0.103805,-0.0108193,0.485542
449509351,-0.0176295,0.10585,-0.00902786,0.485542
449541349,-0.00206172,0.106036,-0.00751203,0.485542
449573383,0.0148483,0.105037,-0.00634195,0.485542
449605353,0.0375287,0.103318,-0.00459938,0.484704
449637395,0.044826,0.0977033,-0.00375003,0.484285
449669404,0.0487479,0.0871517,-0.00269446,0.484246
449701349,0.0638117,0.0668962,-0.00129448,0.484347
449733384,0.0679423,0.0551693,-0.000161883,0.484345
449761355,0.0731364,0.0416184,0.00100396,0.484339
449793350,0.080767,0.0150654,0.00228004,0.484337
449825354,0.0694533,0.00152608,0.00321946,0.484337
449857349,0.0782583,-0.0585025,0.00421988,0.484337
449889352,0.0744258,-0.053191,0.00522958,0.484337
449921349,0.063799,-0.0219713,0.00638912,0.484337
449953347,0.0482414,0.0125314,0.00751395,0.484337
449981355,0.0329524,0.0440937,0.00850543,0.484337
450013360,0.0257509,0.0838995,0.00946147,0.484337
450045349,0.0227077,0.127349,0.0105716,0.484337
450077359,0.0207729,0.147286,0.0112954,0.484337
450109376,0.0161295,0.158518,0.0116519,0.484337
450141349,0.0185279,0.15383,0.0123635,0.484337
450173382,0.0216439,0.133481,0.012116,0.484337
450205347,0.0204177,0.116045,0.0123223,0.484337
450233354,0.0184382,0.100543,0.0124355,0.484337
450265349,0.0191545,0.0843194,0.012223,0.484337
450297379,0.0203632,0.0746694,0.0124527,0.484337
450329381,0.0165397,0.0770669,0.0126295,0.484337
450361350,0.0167481,0.0829237,0.0127943,0.484337
450393349,0.00937534,0.0991949,0.0133668,0.484337
450425352,0.0106023,0.115268,0.0137765,0.484337
450457347,0.0100579,0.144198,0.0147144,0.484337
450485349,0.0112409,0.164618,0.015513,0.484337
450517349,0.0160137,0.176592,0.0161537,0.484337
450549375,0.026956,0.17482,0.0170987,0.484337
450581352,0.0312488,0.161733,0.0173993,0.484337
450613350,0.0339273,0.130259,0.0179541,0.484337
450645385,0.0175086,-0.00390556,0.0175822,0.484337
450677385,0.00371798,-0.0801058,0.0173588,0.484337
450709347,-0.00650652,-0.102362,0.0178107,0.484337
450741355,-0.00979812,-0.103796,0.0184754,0.484337
450769350,-0.0143305,-0.123888,0.0188507,0.484337
450801347,-0.0154539,-0.176003,0.0194748,0.484337
450833387,-0.00917479,-0.130654,0.0207703,0.484337
450865347,-0.00190631,-0.0668656,0.0219593,0.484337
450897416,0.00549787,-0.0105643,0.0231846,0.484337
450929354,0.0130942,0.0314764,0.0242216,0.484337
450961353,0.0196965,0.0732976,0.02517,0.484337
450989364,0.0220674,0.0948933,0.0258335,0.484337
451021355,0.0196934,0.044365,0.0258209,0.484337
451053354,0.0216814,-0.0182691,0.0259077,0.484337
451085357,0.0242631,-0.0972278,0.0249899,0.484337
451117385,0.0300345,-0.175206,0.0247572,0.484337
451149350,0.0277565,-0.177876,0.0249392,0.484337
451181349,0.0250902,-0.169191,0.0250221,0.484337
451213375,0.040622,-0.155572,0.0254719,0.484586
451241352,0.0736551,-0.142284,0.0252773,0.485425
451273353,0.120036,-0.130645,0.0244483,0.486433
451305349,0.1659,-0.176673,0.0231319,0.487359
451337384,0.152464,-0.154353,0.0233432,0.488439
451369349,0.130972,-0.112988,0.0239408,0.489329
451401349,0.108817,-0.0617182,0.0243813,0.489203
451433349,0.0834328,-0.0192018,0.0250692,0.489141
451465350,0.0566285,0.0104687,0.0255982,0.489154
451493381,0.0359772,0.011589,0.0255385,0.489158
451525350,0.0166429,-0.000257018,0.0263699,0.489157
451557347,0.0050478,-0.0490578,0.0262359,0.489157
451589349,-0.00018851,-0.0578991,0.0264636,0.489157
451621353,0.000775952,-0.0591886,0.0262148,0.489157
451653347,0.00656449,-0.0568401,0.0263264,0.489157
451685355,0.0148138,-0.0486074,0.0263538,0.489157
451717349,0.0223062,-0.0287628,0.0264512,0.489157
451745352,0.0265774,-0.0119249,0.0269523,0.489157
451777349,0.0275203,-0.000302602,0.0272429,0.489157
451809366,0.0244339,0.00489554,0.0276975,0.489157
451841349,0.0171856,0.00291646,0.028614,0.49124
451873361,0.00807297,0.0171443,0.0289115,0.495353
451905386,-0.00180119,0.0249478,0.0298201,0.500247
451937349,-0.0101306,0.00735172,0.0301745,0.505407
451969351,-0.0149756,-0.00935279,0.0310994,0.505199
451997381,-0.00178967,-0.039684,0.0308729,0.504754
452029347,0.0186437,-0.0713686,0.0307994,0.50479
452061349,0.0510394,-0.143374,0.0305391,0.504826
452093381,0.0512372,-0.154997,0.0317768,0.504821
452125368,0.0386252,-0.148068,0.0337267,0.504819
452157386,0.0216123,-0.129206,0.0359635,0.504819
452189388,0.0126342,-0.102359,0.0379627,0.504819
452221381,-0.0228104,-0.0510388,0.040722,0.504819
452249353,-0.0387817,-0.0167121,0.0424558,0.504819
452281347,-0.0447437,0.0125932,0.0442541,0.504819
452313375,-0.0479198,0.0311178,0.0453677,0.504819
452345352,-0.047928,0.043575,0.0468957,0.504819
452377377,-0.0433832,0.0496662,0.0477139,0.504819
452409405,-0.0354995,0.0380129,0.0487514,0.504819
452441349,-0.0254025,0.0187321,0.0491372,0.504819
452473352,-0.0160805,-0.00338506,0.0499845,0.50457
452501349,-0.00902218,-0.0233697,0.0503443,0.503314
452533347,-0.00329247,-0.0440961,0.0512646,0.501938
452565351,-0.00035982,-0.0615629,0.0514583,0.498823
452597382,-0.000698874,-0.0788833,0.0522575,0.489628
452630146,-0.00303282,-0.0870712,0.0527895,0.486351
452662158,0.0165655,-0.102851,0.0522243,0.484019
452694198,0.0243277,-0.101786,0.052444,0.484179
452726155,0.00732385,-0.0892852,0.0530221,0.487134
452758179,-0.00664662,-0.0711722,0.054237,0.488957
452790156,-0.021036,-0.056558,0.054501,0.490153
452822154,-0.0213398,-0.0482517,0.0546587,0.490409
452854159,-0.01897,-0.0434732,0.0543592,0.49042
452886154,-0.0207302,-0.0486051,0.0544372,0.494953
452918188,-0.0371776,-0.0546253,0.0550128,0.501567
452950153,-0.156901,-0.0782294,0.060149,0.515751
452982161,-0.180823,-0.109641,0.0612138,0.517096
453014194,-0.167994,-0.139618,0.0608367,0.515571
453046157,-0.154629,-0.14335,0.0608038,0.515529
453078186,-0.15181,-0.137313,0.0614215,0.515677
453110165,-0.1148,-0.129032,0.0612686,0.515674
453142190,-0.0662879,-0.116668,0.0602651,0.516499
453170185,-0.0312174,-0.101411,0.0601393,0.51667
453202166,0.00389575,-0.0858006,0.0597133,0.51612
453234156,0.0333351,-0.0753152,0.0596984,0.515883
453266155,0.0581944,-0.0680021,0.0592697,0.516888
453298172,0.0607047,-0.0616834,0.0594376,0.516966
453330188,0.0519684,-0.0598594,0.0603894,0.5169
453362151,0.0391186,-0.0631081,0.0604792,0.516858
453394188,0.0283208,-0.0705477,0.0608366,0.516866
453422190,0.0187153,-0.0809687,0.0609943,0.516869
453454203,0.00436407,-0.0918612,0.0607389,0.516868
453486155,-0.0103948,-0.0981971,0.0612996,0.516619
453518152,-0.0155539,-0.103248,0.0608272,0.516029
453550162,-0.0122532,-0.105015,0.0606844,0.515611
453582161,-0.00282355,-0.105212,0.0596955,0.513215
453614156,0.00807637,-0.103944,0.0593185,0.509647
453646194,0.0151108,-0.101518,0.0579798,0.503455
453674193,0.0253193,-0.100026,0.0576959,0.503146
453706203,0.0349718,-0.0978321,0.0563339,0.502726
453738187,0.0378839,-0.0969924,0.0558303,0.500889
453770150,0.0267776,-0.0979556,0.0553124,0.498479
453802198,0.0233808,-0.0998548,0.0544435,0.498629
453834187,0.0137147,-0.101429,0.0540212,0.498796
453866154,-0.0276336,-0.0771111,0.054322,0.498807
453898239,-0.0436739,-0.0691126,0.054433,0.498793
453926194,-0.0466794,-0.070709,0.0533951,0.498294
453958157,-0.0711046,-0.0583058,0.0535791,0.48656
453990164,-0.0764736,-0.0568316,0.0529982,0.480703
454022154,-0.0652571,-0.0593362,0.0514986,0.480799
454054147,-0.0393621,-0.0678644,0.0498372,0.48247
454086148,-0.0105048,-0.0754985,0.0479098,0.483593
454118161,0.0146854,-0.0623797,0.0462727,0.485263
454150194,0.033069,-0.0636457,0.0451784,0.485657
454178212,0.0442124,-0.0712903,0.0437777,0.485804
454210189,0.0510169,-0.0812462,0.0423657,0.486367
454242154,0.0571093,-0.0865687,0.0412689,0.486838
454274170,0.0615701,-0.0860476,0.0398777,0.487021
454306162,0.0747636,-0.0805543,0.0381469,0.487577
454338180,0.122757,-0.0662488,0.0354466,0.488041
454370152,0.132026,-0.0580654,0.03373,0.487943
454402188,0.120001,-0.049496,0.0329415,0.487944
454430188,0.112285,-0.0253234,0.032227,0.487951
454462184,0.111268,0.0699059,0.0316609,0.487952
454494153,0.100026,0.127568,0.0305945,0.487952
454526155,0.0876699,0.192965,0.0293513,0.487952
454558153,0.0726147,0.35691,0.0286205,0.487952
454590157,0.0564794,0.407471,0.0262916,0.487952
454622160,0.0419685,0.491232,0.0240371,0.487952
454654181,0.0302072,0.445055,0.0196883,0.487952
454686159,0.0199098,0.363076,0.0154373,0.487952
454718158,0.0126776,0.300458,0.0107278,0.487952
454750154,0.00631887,0.241014,0.00662072,0.487703
454782192,0.00123934,0.188832,0.00257415,0.484769
454814154,-0.00385461,0.107384,-0.00134991,0.483055
454846153,-0.0115757,0.100118,-0.00456838,0.480909
454878226,-0.0221307,0.0772374,-0.00739493,0.480085
454910196,-0.0321825,0.0726245,-0.0103382,0.470933
454942152,-0.0385099,0.0581408,-0.0125253,0.460819
454974160,-0.0442677,0.0612841,-0.0146286,0.450646
455006155,-0.0486269,0.0824036,-0.0161427,0.443411
455038192,-0.0531636,0.0758305,-0.0178202,0.444136
455070207,-0.061859,0.0714475,-0.0196063,0.445776
455102190,-0.063286,0.0656035,-0.0209527,0.446702
455130247,-0.0633457,0.0524314,-0.0221772,0.447119
455162169,-0.0621738,0.0276441,-0.0239209,0.447341
455194152,-0.0640548,0.00793882,-0.025622,0.450745
455226158,-0.0615015,-0.0133515,-0.0270177,0.452045
455258184,-0.0548346,-0.0205985,-0.0287308,0.45187
455290152,-0.0474433,-0.0386183,-0.0303113,0.451772
455322152,-0.0400004,-0.0536155,-0.0317268,0.451805
455354215,-0.0344642,-0.059229,-0.0329195,0.451811
455382193,-0.0310024,-0.0568732,-0.0335169,0.451809
455414161,-0.0287876,-0.0537728,-0.0340615,0.452305
455446158,-0.0305735,-0.0516843,-0.0346926,0.455724
455478192,-0.0376768,-0.0421409,-0.0353066,0.47416
455510153,-0.0393549,-0.0371339,-0.0358651,0.482098
455542159,-0.0405306,-0.0303872,-0.0361961,0.485254
455574154,-0.0412943,-0.0296267,-0.0365916,0.484943
455606187,-0.0410744,-0.0361096,-0.0371764,0.486151
455638230,-0.0393048,-0.0275257,-0.0374626,0.488184
455670158,-0.0358851,-0.0162921,-0.0378128,0.488101
455702158,-0.0310955,-0.0128108,-0.0383057,0.487962
455734186,-0.0262764,-0.0358849,-0.0389384,0.487102
455766171,-0.0210481,-0.0505923,-0.0394721,0.486696
455798169,-0.0166715,-0.0549667,-0.039997,0.486475
455830187,-0.0138978,-0.053312,-0.0404003,0.485668
455858224,-0.0121572,-0.0488348,-0.0406294,0.484411
455890166,-0.011615,-0.0407667,-0.0410229,0.482965
455922157,-0.0113349,-0.029988,-0.0410871,0.483027
455954165,-0.011145,-0.0183147,-0.0410668,0.483151
455986165,-0.0106476,-0.00642329,-0.041153,0.483141
456018147,-0.00924948,0.00428243,-0.0415066,0.483132
456050195,-0.00175613,0.0101915,-0.0417587,0.483132
456082203,0.00420925,0.0106126,-0.0422671,0.483133
456110188,0.00558446,-0.00165118,-0.0431237,0.483133
456142158,0.0020682,-0.0110265,-0.0439459,0.483133
456174154,-0.00221509,-0.0402214,-0.0448435,0.483133
456206152,-0.00691231,-0.0429892,-0.0457838,0.483133
456238202,-0.012695,-0.0416555,-0.0464759,0.483133
456270165,-0.0222053,-0.0390638,-0.047341,0.483971
456302152,-0.0249988,-0.0248834,-0.0478415,0.484389
456334190,-0.025306,-0.00896713,-0.0487258,0.484428
456366159,-0.0230004,0.00327181,-0.048949,0.485167
456398160,-0.0214845,0.0208984,-0.0494922,0.485586
456430161,-0.0239278,0.0356597,-0.0500643,0.485816
456462198,-0.0203937,0.0387353,-0.0503594,0.48704
456494177,-0.019995,0.0384859,-0.0512359,0.487675
456526159,-0.0270714,0.033528,-0.0517543,0.488028
456558187,-0.0488227,0.0266145,-0.0525994,0.487967
456586188,-0.0511908,0.0264973,-0.0532183,0.487941
456618184,-0.0423038,0.0272608,-0.0536047,0.48879
456650154,-0.0385396,0.0297777,-0.0541783,0.48921
456682157,-0.0337145,0.0350463,-0.0543927,0.48918
456714190,-0.0270881,0.0439139,-0.0549882,0.489147
456746154,-0.0192618,0.0548777,-0.0551687,0.489149
456778180,-0.0135603,0.0662899,-0.0554862,0.489158
456810189,-0.0114639,0.0770577,-0.055986,0.489406
456838189,-0.00575663,0.0845582,-0.0559283,0.490413
456870151,-0.000982941,0.0910185,-0.0559148,0.490452
456902161,-0.00104403,0.0975583,-0.056003,0.490385
456934198,-0.00344815,0.110091,-0.0555202,0.491192
456966145,-0.00584625,0.107937,-0.055433,0.491866
456998182,-0.00767439,0.10025,-0.0553759,0.492995
457030204,-0.00955136,0.0851654,-0.0550798,0.497449
457062192,-0.0104772,0.0748091,-0.0549734,0.501325
457090188,-0.0109312,0.06788,-0.0546895,0.50522
457122154,-0.0097784,0.0642571,-0.0537932,0.509701
457154152,-0.00806493,0.0610921,-0.0531554,0.509955
457186153,-0.000465549,0.0596387,-0.052152,0.509615
457218153,0.00516432,0.0606566,-0.0510694,0.509609
457250156,0.00957553,0.0579218,-0.0502799,0.508803
457282155,0.0149089,0.0608644,-0.0488455,0.508384
457314186,0.0186783,0.0648915,-0.0477669,0.508343
457342187,0.0174019,0.0616285,-0.0468147,0.507604
457374169,0.0153187,0.0572666,-0.0454316,0.507185
457406152,0.0125758,0.0555655,-0.0443662,0.507204
457438185,0.00850381,0.0571607,-0.0429537,0.507237
457470159,0.00621407,0.0515632,-0.0415851,0.506981
457502155,0.0055088,0.0452357,-0.0403549,0.5039
457534152,0.00553296,0.0327951,-0.0389127,0.486409
457566187,0.00523496,0.0301835,-0.0376105,0.482152
457594195,0.00717708,0.0257055,-0.0361796,0.48188
457626158,0.0106363,-0.00787734,-0.0348665,0.482006
457658981,0.0121647,-0.0174888,-0.0334515,0.48192
457690949,0.0131412,-0.00817554,-0.0316427,0.481922
457722950,0.0103851,0.0099153,-0.0301092,0.481929
457754952,0.00803772,0.0281315,-0.0282489,0.481928
457782953,0.00682762,0.0438355,-0.026694,0.482176
457814950,0.00463507,0.0613431,-0.025148,0.482766
457846951,-0.00130578,0.0847972,-0.0234852,0.483223
457878996,0.000490922,0.0958335,-0.0218921,0.483156
457910949,0.00475487,0.112765,-0.0208068,0.483125
457942950,0.00832032,0.114499,-0.0197212,0.48338
457974950,0.0124663,0.117778,-0.0188117,0.486067
458006949,0.0162798,0.118201,-0.0182752,0.486942
458038976,0.0191166,0.140561,-0.0172274,0.486785
458070949,0.0204396,0.147611,-0.0163482,0.486721
458102947,0.0221549,0.147947,-0.0156649,0.486746
458134976,0.0272609,0.134881,-0.0147395,0.48675
458166949,0.036198,0.123486,-0.0140485,0.48507
458198947,0.0357242,0.114203,-0.0133484,0.483984
458230951,0.0327093,0.105967,-0.0122778,0.483317
458258950,0.0294625,0.0996883,-0.0116321,0.483034
458290948,0.0258171,0.0895069,-0.0110523,0.483125
458322950,0.0209026,0.0842245,-0.0099315,0.483144
458354950,0.0153797,0.0839764,-0.00912764,0.483132
458386951,0.0105928,0.0863489,-0.00818361,0.48338
458418980,0.0076002,0.0780004,-0.00717566,0.484389
458450947,0.00686782,0.0701395,-0.00645829,0.484428
458482948,0.00884066,0.0370234,-0.00556506,0.485416
458510947,0.0122897,0.0127107,-0.00496267,0.486425
458542949,0.0175263,-0.0162359,-0.00432274,0.486862
458574984,0.0233827,-0.0099057,-0.00293338,0.486762
458606947,0.0292408,0.0110831,-0.00196121,0.486738
458638973,0.0335105,0.0312868,-0.000685603,0.486747
458670952,0.035855,0.0506606,0.000886237,0.486749
458702946,0.0354176,0.07135,0.00191444,0.486747
458734950,0.032355,0.0950022,0.00361311,0.486498
458762947,0.0284588,0.1051,0.00470229,0.485411
458794950,0.024002,0.10555,0.00574719,0.483813
458826951,0.0237619,0.0461392,0.00656269,0.482927
458858973,0.0184761,0.00580457,0.00683396,0.482597
458890950,0.014821,-0.032525,0.00767256,0.481482
458922949,0.0178558,-0.0970778,0.00767797,0.480542
458954989,0.0151614,-0.112501,0.00842841,0.480673
458986949,0.0128111,-0.103876,0.00960705,0.480739
459014951,0.0124193,-0.0814285,0.0103518,0.480725
459046950,0.0114792,-0.0487843,0.0111383,0.480721
459078980,0.0053333,-0.0264316,0.0122492,0.480723
459110959,0.00255749,0.00713885,0.0128506,0.480723
459142947,0.00243124,0.0445942,0.0136083,0.481562
459174972,0.00049603,0.0767987,0.0141883,0.48198
459206950,-0.00163936,0.0965931,0.0144228,0.482019
459238990,-0.00518947,0.10375,0.0143992,0.481919
459266950,-0.00209223,0.100511,0.0140509,0.48192
459298979,0.000874111,0.0887287,0.0136957,0.481929
459330984,0.00413042,0.071106,0.0127423,0.481928
459362949,0.00587581,0.0516354,0.0115357,0.482177
459394951,0.00251228,0.0336423,0.0104414,0.482766
459426949,-0.00630841,0.0158553,0.00905747,0.483223
459458950,-0.00866972,0.00935218,0.00760004,0.483156
459490951,-0.00894795,0.00800695,0.00640714,0.483123
459518949,-0.000663692,-0.0770594,0.00430773,0.48397
459550952,0.00642685,-0.130449,0.00219121,0.484888
459582948,0.017958,-0.244382,-0.000289252,0.487962
459614947,0.0271557,-0.29903,-0.0026345,0.489015
459646950,0.0345453,-0.327088,-0.00456307,0.489338
459678989,0.0395529,-0.304114,-0.00592372,0.489156
459710955,0.0354233,-0.242164,-0.00707801,0.489138
459742947,0.0296223,-0.182872,-0.00782753,0.489158
459770949,0.027659,-0.132518,-0.00898181,0.489158
459802951,0.0234441,-0.0830784,-0.0106467,0.489157
459834951,0.0185499,-0.0901832,-0.0122585,0.489157
459866947,0.0153623,-0.107303,-0.0145749,0.490493
459898947,0.0141522,-0.0915737,-0.0163697,0.492339
459930952,0.0167056,-0.0873096,-0.0182887,0.493804
459962947,0.019119,-0.114706,-0.0210543,0.494943
459994951,0.0196701,-0.128158,-0.0226698,0.49523
460022953,0.0196809,-0.134612,-0.0244084,0.495245
460054954,0.0196554,-0.146277,-0.0266899,0.496012
460086949,0.0193376,-0.151529,-0.0278279,0.496681
460118974,0.0184009,-0.1666,-0.0297693,0.503261
460150947,0.0170617,-0.134982,-0.0308327,0.510993
460182955,0.0163298,-0.0920442,-0.0315897,0.516863
460214975,0.0162393,-0.0527063,-0.0325867,0.518564
460246947,0.0157594,-0.0186269,-0.0333845,0.518119
460274993,0.0189434,-0.00239978,-0.0345051,0.517744
460306949,0.0561195,-0.0234513,-0.0382326,0.516817
460338979,0.0824685,-0.034037,-0.0410029,0.516785
460370951,0.0942344,-0.0490022,-0.0434589,0.516847
460402949,0.0619574,-0.0513493,-0.0434198,0.516875
460434949,0.0240583,-0.036549,-0.0429781,0.516868
460466950,-0.00943261,-0.0232837,-0.0432624,0.516866
460498954,-0.0295349,-0.0145881,-0.043658,0.516867
460526947,-0.0341691,-0.0135961,-0.0451262,0.516868
460558947,-0.0395704,-0.00996563,-0.0461723,0.516619
460590952,-0.0370021,-0.00581311,-0.0474386,0.516029
460622955,-0.0315783,-0.00160735,-0.0485652,0.514615
460654981,-0.0240059,0.00127544,-0.0499176,0.503498
460686950,-0.0127664,0.0023887,-0.0511564,0.496753
460718950,-0.00313043,0.00137551,-0.0526591,0.492889
460750947,-0.000916738,-0.00167592,-0.0532914,0.491637
460782952,0.00062655,-0.0060546,-0.0544693,0.491549
460814947,-0.00106854,-0.0111757,-0.0550264,0.490475
460846949,0.00114921,-0.0160651,-0.0558476,0.489473
460878979,-0.00331495,-0.0156554,-0.0562672,0.488545
460910949,-0.0145769,-0.000365514,-0.056157,0.487216
460942950,-0.0374065,0.0319816,-0.0551566,0.485822
460974949,-0.0726913,0.0799435,-0.0533204,0.485994
461002947,-0.0554578,0.0699762,-0.0547827,0.485704
461034979,-0.0226716,0.0453332,-0.0566944,0.484767
461066951,0.0111647,0.0151882,-0.0583662,0.484228
461098947,0.0447897,-0.0176634,-0.059957,0.484313
461130986,0.053415,-0.0439205,-0.0602648,0.484353
461162947,0.0560597,-0.0735177,-0.0602228,0.484338
461194975,0.0547696,-0.0940202,-0.0602842,0.484336
461226996,0.0474444,-0.105485,-0.0602396,0.484337
461254947,0.0436617,-0.107744,-0.0599166,0.484338
461286949,0.0352458,-0.10468,-0.0596766,0.484337
461318979,0.0218913,-0.0974058,-0.0588877,0.484337
461350947,0.00523063,-0.0865223,-0.0579506,0.484337
461382953,-0.00850067,-0.0750304,-0.0566754,0.484337
461414973,-0.0184358,-0.0574013,-0.0551936,0.483499
461446947,-0.024502,-0.0339101,-0.0535245,0.483081
461478993,-0.0242742,0.0917558,-0.0512861,0.482611
461506947,-0.0218161,0.168125,-0.0494063,0.481464
461538994,-0.0159694,0.215157,-0.0476505,0.479383
461570947,-0.00348998,0.291636,-0.046008,0.469452
461602949,0.00328391,0.299404,-0.0446036,0.465463
461634980,0.0124468,0.339102,-0.0429584,0.464719
461666950,0.0128373,0.318538,-0.0417223,0.465073
461698950,0.00984005,0.365769,-0.0398234,0.465084
461727074,0.00424777,0.362277,-0.038555,0.465055
461758949,-0.00485525,0.342869,-0.0373315,0.465308
461790949,-0.0158039,0.259918,-0.0366021,0.466397
461822950,-0.026412,0.186765,-0.0357956,0.469239
461854949,-0.0269806,0.154886,-0.0346669,0.479854
461886951,-0.0184852,0.0939111,-0.0337719,0.483151
461918953,-0.000422264,0.0346946,-0.0326706,0.483782
461950950,0.03317,-0.00853834,-0.0316497,0.483093
461982952,0.0436541,-0.0393639,-0.0298463,0.483072
462010947,0.0674405,-0.0585893,-0.0285305,0.484724
462042963,0.0796763,-0.0695334,-0.026289,0.487159
462074974,0.0812609,-0.0659721,-0.0244071,0.489504
462106947,0.0728165,-0.0526912,-0.0222033,0.489308
462138992,0.0617899,-0.0271038,-0.020017,0.489145
462170947,0.0442847,0.0104894,-0.0176394,0.489146
462202951,0.0227057,0.0194666,-0.0157261,0.489159
462235000,0.0029726,0.0447114,-0.0141156,0.489406
462262950,-0.010467,0.0443284,-0.0128534,0.489995
462294954,-0.0205388,0.0233321,-0.0120535,0.490413
462326949,-0.025068,-0.011843,-0.0113335,0.490385
462358952,-0.0247722,-0.0478741,-0.0110344,0.490352
462390949,-0.02261,-0.0819524,-0.0106334,0.49036
462422950,-0.0201794,-0.110386,-0.0106265,0.490611
462454947,-0.0195366,-0.130754,-0.00995694,0.493544
462486949,-0.0207914,-0.141019,-0.00966983,0.495258
462514953,-0.0243092,-0.136619,-0.00907001,0.496276
462546954,-0.0301139,-0.0869309,-0.00857449,0.496474
462579752,-0.0375275,-0.0554457,-0.00778789,0.496383
462611754,-0.0443203,-0.011162,-0.00711151,0.496379
462643785,-0.0491888,0.00673518,-0.00681765,0.496387
462675775,-0.0567826,0.0427657,-0.00671798,0.496386
462707753,-0.0728974,0.0536284,-0.00707522,0.496385
462735918,-0.0895913,0.0524596,-0.00777483,0.496385
462767747,-0.108265,0.0468338,-0.00876567,0.496386
462799750,-0.108225,0.0118849,-0.00988029,0.495888
462831747,-0.117577,-0.0245872,-0.0115054,0.493034
462863911,-0.122228,-0.0605278,-0.0131311,0.492537
462895974,-0.127857,-0.0865234,-0.0149867,0.492633
462927911,-0.143407,-0.0873346,-0.0171081,0.493045
462959749,-0.131322,-0.0909273,-0.0182783,0.494865
462991750,-0.116879,-0.0990204,-0.0192594,0.495072
463023750,-0.10204,-0.100602,-0.0195846,0.494456
463055774,-0.0873499,-0.0977492,-0.0206994,0.493619
463087780,-0.0743377,-0.0917117,-0.0207037,0.491612
463119913,-0.0651522,-0.0893644,-0.0214659,0.486701
463151937,-0.0564559,-0.100115,-0.0219058,0.46665
463179749,-0.0474491,-0.0959525,-0.0227211,0.453249
463211938,-0.0413628,-0.0921463,-0.0233436,0.444199
463243937,-0.0388628,-0.0846798,-0.0239518,0.445511
463275937,-0.0369782,-0.0786146,-0.0245791,0.44674
463307749,-0.0338573,-0.0734071,-0.024881,0.447948
463339912,-0.0346399,-0.0676282,-0.0253537,0.448251
463371753,-0.036328,-0.0632786,-0.0252861,0.448511
463403752,-0.0584319,-0.0864208,-0.0261586,0.451118
463431750,-0.0787924,-0.0935571,-0.0269025,0.451996
463463747,-0.126335,-0.0825792,-0.0280117,0.452685
463495749,-0.137184,-0.068872,-0.0286414,0.453038
463527750,-0.142366,-0.0513835,-0.02883,0.453086
463559747,-0.143841,-0.0148085,-0.0288945,0.457945
463591761,-0.119558,0.00717862,-0.0289646,0.462551
463623747,-0.0752119,0.039868,-0.0283499,0.474424
463655747,-0.0385477,0.0531968,-0.0281804,0.481479
463683750,-0.00652369,0.0620606,-0.0278277,0.48572
463715776,0.0212839,0.0690541,-0.0273319,0.488028
463747749,0.0368189,0.0633132,-0.0270767,0.487293
463779747,0.043245,0.0521456,-0.0265759,0.486622
463811747,0.0410776,0.0404281,-0.0256016,0.48671
463843766,0.0318687,0.0257432,-0.0248572,0.486758
463875780,0.0179618,0.00785493,-0.0241027,0.486749
463907751,0.0037799,-0.00576038,-0.0232462,0.486746
463935782,-0.00650496,-0.0109388,-0.022249,0.486498
463967752,-0.0134741,-0.0123658,-0.021402,0.485909
463999749,-0.0143054,-0.00943928,-0.0201895,0.4857
464031750,-0.00941756,-0.00208748,-0.0189549,0.486357
464063773,0.000749934,0.00747475,-0.0173983,0.486597
464095783,0.013263,0.018691,-0.016109,0.485933
464127747,0.0255609,0.0238555,-0.0142925,0.485443
464159747,0.0370941,0.0290648,-0.0123444,0.485518
464187747,0.0462552,0.0335727,-0.0106427,0.485553
464219756,0.0511601,0.0331935,-0.00846503,0.4858
464251749,0.0486899,0.0159677,-0.00643603,0.486798
464283780,0.0424579,0.00903836,-0.0041499,0.486837
464315777,0.0290905,-0.0124551,-0.00177068,0.486489
464347781,0.0177237,-0.0163409,0.000588259,0.4859
464379749,0.0106263,-0.0128422,0.0037239,0.485452
464411753,0.0076649,-0.0101753,0.00645406,0.485519
464439747,0.00648369,-0.00950551,0.00880754,0.48555
464471753,0.00686355,0.00578391,0.0119081,0.485543
464504006,0.0107257,0.0249768,0.0146874,0.485542
464535974,0.0178154,0.0434349,0.0177149,0.485542
464567751,0.0242608,0.059084,0.0206601,0.485542
464599751,0.0278225,0.0760953,0.0234303,0.485542
464631750,0.0270323,0.0857404,0.0264788,0.485542
464663747,0.0248731,0.0802104,0.0288509,0.485542
464691757,0.0236964,0.0675854,0.0307774,0.485542
464723756,0.0204314,0.0496601,0.0332603,0.485542
464755781,0.0261914,0.0187547,0.0352873,0.485542
464787751,0.0272681,-0.0140497,0.0370655,0.485542
464819936,0.055683,-0.149274,0.037799,0.485293
464851943,0.106638,-0.218158,0.0392392,0.484704
464883938,0.155402,-0.250445,0.0413164,0.484286
464915980,0.170002,-0.302627,0.0427896,0.484314
464943752,0.154491,-0.274643,0.0447499,0.484347
464975775,0.13367,-0.206311,0.047337,0.484339
465007941,0.109105,-0.134823,0.0503128,0.484336
465039970,0.0804118,-0.0647794,0.0524235,0.484337
465071936,0.0537355,0.000457449,0.0549877,0.484586
465103761,0.0302107,0.052412,0.0567335,0.485923
465135774,0.0134812,0.0609154,0.0584958,0.489403
465167749,0.00693359,0.0603308,0.0593586,0.489453
465195980,0.00801026,0.0567739,0.0601272,0.489121
465227749,0.0126185,0.0566208,0.0609603,0.489132
465259749,0.0220487,0.0419833,0.0608593,0.489161
465291747,0.0316011,0.0173656,0.0606396,0.489159
465323750,0.0392111,-0.000945987,0.0600715,0.489157
465355778,0.0461636,-0.0036238,0.0599326,0.489405
465387750,0.0489462,0.0032313,0.0591032,0.489995
465419747,0.0394933,0.0181765,0.0588124,0.491199
465447911,0.0318944,0.0375484,0.0582453,0.494394
465479749,0.0202783,0.0635998,0.0573099,0.501394
465511750,0.00298738,0.0906745,0.0564535,0.517322
465543750,-0.00668167,0.112819,0.0552449,0.519264
465575779,-0.0113018,0.118574,0.0539015,0.518056
465607798,-0.0126828,0.121537,0.0524631,0.517951
465639749,-0.00905588,0.0923875,0.0506597,0.51833
465671750,-0.00177983,0.0709922,0.0486069,0.518922
465699750,0.00721999,0.0522314,0.0466823,0.519331
465731776,0.0177263,0.0226618,0.0446208,0.5193
465763752,0.027179,-8.76964e-05,0.0420384,0.519268
465795747,0.0390461,-0.0492078,0.0394152,0.519276
465827780,0.0446252,-0.0625436,0.0368472,0.519278
465859754,0.0444939,-0.0830599,0.0342922,0.521701
465891749,0.0410507,-0.0829434,0.0320156,0.524306
465923751,0.037197,-0.0938626,0.0292578,0.525639
465955783,0.0383086,-0.156986,0.0261687,0.525353
465983750,0.0358882,-0.159115,0.0237695,0.525258
466015751,0.032892,-0.176289,0.0204,0.5253
466047747,0.0303055,-0.167499,0.0179516,0.525306
466079752,0.0279512,-0.153676,0.0146102,0.525303
466111779,0.0359355,-0.190914,0.0113604,0.524213
466143750,0.0510749,-0.211719,0.0069905,0.523206
466175777,0.0786555,-0.29158,0.0027763,0.522777
466207758,0.0881657,-0.300126,-0.00143372,0.52238
466235777,0.0892079,-0.288593,-0.00406801,0.520387
466267749,0.0598901,-0.242047,-0.00563202,0.5203
466299750,0.0220258,-0.193465,-0.00737123,0.520184
466331749,-0.0133531,-0.141175,-0.00842744,0.519241
466363757,-0.0371209,-0.0805274,-0.0108969,0.519189
466395779,-0.0583937,-0.0187552,-0.0127188,0.519251
466427749,-0.0676595,0.0391353,-0.0158836,0.518198
466455747,-0.0684127,0.0592714,-0.0186595,0.517183
466487751,-0.0643034,0.0685836,-0.022265,0.516475
466519750,-0.0556733,0.0669463,-0.0260384,0.515596
466551750,-0.0440339,0.0546582,-0.0299998,0.515589
466583750,-0.031082,0.0350275,-0.033965,0.515648
466615815,-0.0149779,0.0128233,-0.0380713,0.515669
466647750,-0.00367404,-0.0101247,-0.0420076,0.515663
466679747,-0.000116148,-0.032495,-0.0457607,0.515662
466707747,0.00040408,-0.0410818,-0.0482285,0.515663
466739747,-0.00159829,-0.0428771,-0.0516594,0.514077
466771749,0.0034065,-0.0383381,-0.0543093,0.510397
466803750,0.0243857,-0.023801,-0.0582352,0.505316
466835779,0.0949638,0.0359192,-0.0632649,0.500664
466867756,0.109187,0.0723733,-0.0663625,0.499869
466899747,0.110346,0.101387,-0.0680737,0.498688
466931750,0.0972536,0.10319,-0.0695367,0.498701
466959747,0.0838583,0.0927007,-0.0705905,0.494799
466991747,0.0669408,0.0700504,-0.0713879,0.489006
467023771,0.0479947,0.0386023,-0.0722936,0.483516
467055773,0.0296878,0.00661398,-0.0729747,0.480142
467087754,0.0139834,-0.0219898,-0.073315,0.480526
467119776,0.00177318,-0.0490151,-0.0738249,0.481025
467151755,-0.00460262,-0.0732645,-0.0736668,0.481822
467183747,-0.00660416,-0.0834049,-0.0738376,0.483271
467211747,-0.00432551,-0.0833153,-0.0735675,0.483246
467243749,0.000293097,-0.0728732,-0.0730332,0.483396
467275749,0.00580771,-0.0618548,-0.0717706,0.486306
467307762,0.0100436,-0.0472466,-0.0705919,0.488029
467339749,0.013135,-0.0113338,-0.0688999,0.489338
467371774,0.0129086,0.0218464,-0.0670435,0.489245
467403750,0.00933762,0.0506933,-0.0648101,0.489154
467435776,0.00342455,0.0652418,-0.062554,0.48915
467463762,-0.00274529,0.0536474,-0.0607261,0.489158
467495784,-0.00955325,0.0311665,-0.0583562,0.489158
467527754,-0.0141585,0.00289265,-0.056032,0.489156
467559755,-0.0191973,-0.0303145,-0.053794,0.489157
467591747,-0.0534645,-0.0751569,-0.0506735,0.489157
467623753,-0.0804804,-0.092736,-0.0473097,0.489157
467655773,-0.144772,-0.05806,-0.0432155,0.489157
467687752,-0.147958,-0.050621,-0.0407588,0.489157
467715774,-0.130415,-0.0378944,-0.0391619,0.489157
467747749,-0.109661,-0.0258935,-0.0365782,0.489157
467779749,-0.0882104,0.0540038,-0.0343642,0.489157
467811913,-0.0667674,0.127161,-0.0313317,0.489157
467843943,-0.0463181,0.21106,-0.0280602,0.489157
467875941,-0.0267316,0.347551,-0.0242237,0.489157
467907760,-0.0134823,0.359466,-0.0214604,0.489157
467935782,-0.0101987,0.354903,-0.0191037,0.488161
467968555,-0.0152307,0.380362,-0.0158221,0.483042
468000568,-0.0181853,0.317193,-0.0140224,0.48163
468032590,-0.0244539,0.231836,-0.0123127,0.480593
468064596,-0.0357907,0.168046,-0.0102919,0.48065
468096620,-0.0519,0.158381,-0.00841764,0.480737
468128582,-0.0635871,0.0845133,-0.00649642,0.480728
468160555,-0.0698031,0.0359187,-0.00496279,0.480722
468188581,-0.0713451,0.0303559,-0.00272706,0.480723
468220575,-0.0708771,0.0360736,-0.00103434,0.480723
468252553,-0.0682666,0.058133,0.0018984,0.480723
468284584,-0.0634383,0.080843,0.00437303,0.480972
468316620,-0.057221,0.172734,0.00811215,0.48198
468348550,-0.0495407,0.197104,0.0107804,0.482019
468380549,-0.0404614,0.203335,0.0137595,0.481919
468412553,-0.0307365,0.187948,0.0166018,0.48192
468440562,-0.0230585,0.163423,0.0185207,0.481678
468472551,-0.0174894,0.132752,0.0207026,0.479178
468504577,-0.0169873,0.0963621,0.0230364,0.472365
468536625,-0.0175942,0.0811146,0.0253444,0.449073
468568547,-0.0164718,0.0522097,0.0274644,0.444958
468600565,-0.019291,0.0313427,0.0298886,0.445083
468632549,-0.0267494,0.018216,0.032093,0.446133
468664585,-0.0351032,-0.00255331,0.0342863,0.446927
468692558,-0.0439369,-0.0102161,0.0360469,0.447879
468724575,-0.0493,-0.00670212,0.0382084,0.448801
468756618,-0.0485172,-0.00169104,0.0405499,0.450134
468788555,-0.0445316,0.00320562,0.0425357,0.451529
468820547,-0.0381966,0.00742102,0.0444383,0.451945
468852550,-0.0296869,0.0105551,0.0462516,0.451814
468884549,-0.0207285,0.0116546,0.0481903,0.455465
468916604,-0.0119683,0.0112994,0.0498338,0.465261
468944561,-0.00708826,0.00984068,0.0510386,0.479706
468976629,-0.00858206,0.0177334,0.0523235,0.491078
469008553,-0.00625854,0.00854316,0.0534137,0.489829
469040549,-0.00517486,0.000712165,0.054135,0.488978
469072581,-0.00655827,-0.00754919,0.0548274,0.489116
469104575,-0.00924581,-0.0160225,0.0553484,0.488923
469136628,-0.0119422,-0.0238265,0.0557503,0.48832
469168553,-0.0137648,-0.0325725,0.0561351,0.48786
469196628,-0.0145462,-0.0319022,0.0568282,0.487928
469228552,-0.0134501,-0.0273064,0.0569626,0.487961
469260547,-0.0115917,-0.0186788,0.0573974,0.48904
469292578,-0.00950659,-0.00778787,0.0575811,0.491041
469324573,-0.00646835,0.0043112,0.0576159,0.496341
469356619,-0.00347838,0.0162545,0.0575774,0.496815
469388554,-0.000853925,0.0265809,0.0572176,0.496553
469420555,0.0011995,0.0298151,0.0568692,0.496345
469448555,0.00208869,0.0322766,0.056543,0.496624
469480553,0.00252014,0.0349474,0.0559474,0.497477
469512550,0.0023238,0.037042,0.0553089,0.498938
469544582,0.00137126,0.0375312,0.0550549,0.498909
469576622,0.000240401,0.0378017,0.0542382,0.498778
469608551,-0.000420348,0.0394821,0.0542107,0.498786
469640551,-0.0022244,0.0457331,0.0536261,0.498797
469672589,-0.00627272,0.0461549,0.0534775,0.498796
469700587,-0.0094747,0.0507403,0.0532438,0.498795
469732550,-0.0100745,0.0527339,0.0523888,0.498795
469764597,-0.014062,0.0572401,0.0524096,0.498795
469796549,-0.0115849,0.0588899,0.051729,0.498795
469828592,-0.00774988,0.0574681,0.0514431,0.499044
469860547,-0.0030777,0.0542596,0.0510139,0.500052
469892552,0.00075192,0.0515331,0.0503172,0.500091
469924581,0.00442611,0.0532882,0.0500438,0.499991
469952565,0.00696866,0.0548504,0.0495564,0.499992
469984587,0.00873842,0.055864,0.0490983,0.499999
470016547,0.00966931,0.0507661,0.0487662,0.500001
470048551,0.00819912,0.0485365,0.0481419,0.5
470080550,0.00661131,0.0498236,0.0480054,0.5
470112550,0.00480459,0.0534522,0.0474401,0.5
470144557,0.00387252,0.0571219,0.0472676,0.5
470176600,0.00472193,0.0584344,0.0470595,0.498664
470204585,0.00814575,0.0530053,0.0469817,0.496817
470236619,0.0169534,-0.0257833,0.0460281,0.494085
470268547,0.0163605,-0.100969,0.0450597,0.493795
470300553,0.0143981,-0.162683,0.0440895,0.492892
470332573,0.0134379,-0.210037,0.0432387,0.486792
470364552,0.0100135,-0.198285,0.0434835,0.484609
470396625,0.00497431,-0.160313,0.0438399,0.484144
470428553,-0.000807318,-0.112386,0.0440509,0.48434
470456637,-0.00524828,-0.0685449,0.0440669,0.484376
470488547,-0.0171164,-0.017316,0.0437168,0.484335
470520579,-0.0289778,0.0333835,0.0431478,0.484334
470552549,-0.0327774,0.0780388,0.0425133,0.484338
470584549,-0.029656,0.0879622,0.0408119,0.484338
470616627,-0.0371135,0.0755932,0.039292,0.484337
470648551,-0.0869234,-0.020228,0.0355737,0.484337
470680558,-0.0949246,-0.0853414,0.0325672,0.484337
470708558,-0.0946448,-0.134844,0.0301958,0.484337
470740558,-0.0779555,-0.146379,0.027831,0.484337
470772557,-0.0587981,-0.145705,0.0258912,0.484337
470804588,-0.0356225,-0.131224,0.0240984,0.484337
470836626,-0.0143286,-0.10137,0.0223237,0.484337
470868547,0.0233308,-0.0629442,0.0210187,0.484337
470900554,0.0620438,-0.0318191,0.0188162,0.484337
470932553,0.130561,-0.0512291,0.0156661,0.484337
470960561,0.135793,-0.0526232,0.0128666,0.484337
470992547,0.124844,-0.13417,0.00847485,0.484337
471024572,0.100322,-0.148159,0.00496667,0.484337
471056638,0.0729682,-0.191893,0.00188994,0.484337
471088551,0.0457327,-0.354577,-0.00282558,0.484337
471120550,0.0259033,-0.374095,-0.00563269,0.484337
471152549,0.0600677,-0.410599,-0.0087869,0.484337
471184562,0.0689681,-0.421918,-0.0118514,0.484337
471212560,0.0672194,-0.416913,-0.0143853,0.484337
471244575,0.028527,-0.355468,-0.0165046,0.484337
471276625,0.000885169,-0.260807,-0.0176233,0.484337
471308549,-0.0194669,-0.209309,-0.0193622,0.484337
471340551,-0.0078932,-0.139875,-0.0216461,0.484337
471372547,0.021184,-0.110763,-0.024589,0.484337
471404580,0.0387499,-0.0781832,-0.0280249,0.484337
471436629,0.0553879,-0.0622412,-0.0309802,0.484337
471464587,0.0581871,-0.0558164,-0.0334943,0.484835
471496619,0.0516161,-0.0468587,-0.0360601,0.486015
471528580,0.0453553,-0.0651278,-0.0383696,0.487348
471560549,0.0484,-0.150319,-0.041736,0.489307
471592547,0.0767108,-0.245158,-0.0459161,0.489188
471624576,0.0683939,-0.297099,-0.0477006,0.489136
471656628,0.0525538,-0.33218,-0.0494634,0.489143
471688554,0.0366652,-0.355851,-0.0505219,0.489159
471716628,0.0269041,-0.309085,-0.0515686,0.489158
471748551,0.0181113,-0.237551,-0.0521821,0.489157
471780549,0.0113695,-0.173886,-0.0528411,0.489157
471812587,0.00822576,-0.0988253,-0.0534163,0.489157
471844549,0.00733095,-0.0326496,-0.0537762,0.489157
471876628,0.00223268,0.0183671,-0.0542624,0.489406
471908549,-0.0472505,0.0478617,-0.0518213,0.490413
471940556,-0.0750383,0.0645433,-0.0508051,0.490452
471968566,-0.0969121,0.0665713,-0.0506698,0.490634
472001355,-0.127513,0.0576011,-0.0497752,0.499223
472033377,-0.122732,0.0360792,-0.0513706,0.515328
472065399,-0.109483,0.0161706,-0.0533723,0.518271
472097375,-0.0971077,0.0204148,-0.054415,0.518416
472129375,-0.0741852,0.0240506,-0.0562533,0.519124
472157377,-0.0531626,0.0303995,-0.0581146,0.520136
472189355,-0.0280792,0.0313252,-0.0595917,0.52062
472221349,-0.00738174,0.029592,-0.0619196,0.520499
472253353,0.00660972,0.0313953,-0.0636378,0.520465
472285350,0.0134965,0.0320966,-0.065614,0.521468
472317355,0.0134178,0.0273223,-0.067307,0.52551
472349354,0.00714148,0.0156204,-0.0693628,0.525665
472381347,-0.00361642,-0.000548695,-0.0708117,0.526103
472409347,-0.0250688,-0.0160526,-0.0717074,0.526526
472441350,-0.074214,-0.0322011,-0.0714593,0.526592
472473356,-0.16962,-0.0434909,-0.067833,0.526251
472505350,-0.186278,-0.0543975,-0.0684325,0.525248
472537374,-0.180982,-0.0630695,-0.0703782,0.524962
472569349,-0.1795,-0.0632514,-0.0709958,0.524689
472601347,-0.213961,-0.0245804,-0.0683265,0.523593
472633347,-0.191289,-0.00930649,-0.0699769,0.521861
472661350,-0.148984,0.0065377,-0.0710909,0.518889
472693350,-0.0518313,0.0669487,-0.0760005,0.514958
472725352,0.0219671,0.130479,-0.0790277,0.514562
472757373,0.147243,0.240045,-0.0832092,0.514415
472789347,0.209257,0.277706,-0.0873196,0.514454
472821352,0.22635,0.331379,-0.0873674,0.514465
472853384,0.198532,0.483807,-0.0846384,0.514458
472885382,0.15725,0.511484,-0.0849434,0.514457
472913353,0.125796,0.605806,-0.0845974,0.514458
472945357,0.0715382,0.55723,-0.087226,0.514458
472977357,0.0180301,0.495325,-0.089234,0.511536
473009358,-0.0233703,0.368443,-0.0927175,0.506756
473041350,-0.0477253,0.235928,-0.0963999,0.498321
473073358,-0.0545359,0.111645,-0.0989472,0.496552
473105355,-0.0510895,0.0429762,-0.101392,0.491978
473137376,-0.0341937,-8.87723e-05,-0.103756,0.486503
473165349,-0.0130595,-0.0186003,-0.104264,0.482895
473197377,0.00958194,-0.0394212,-0.104892,0.482405
473229349,0.0248085,-0.0354552,-0.104412,0.481517
473261349,0.0309858,0.0283048,-0.102404,0.480554
473293354,0.021915,0.0600062,-0.100383,0.480668
473325378,-0.00354014,0.115097,-0.097553,0.4799
473357373,-0.0222312,0.166642,-0.0939436,0.47947
473389358,-0.0399081,0.211864,-0.0909481,0.479425
473417387,-0.0525225,0.284278,-0.0875339,0.4762
473449349,-0.0678734,0.27451,-0.0846487,0.46839
473481352,-0.074447,0.245915,-0.0819442,0.458883
473513349,-0.081202,0.210079,-0.0795151,0.446953
473545349,-0.0771912,0.134413,-0.0768077,0.446155
473577385,-0.0619791,0.083756,-0.0743042,0.44704
473609350,-0.0447746,0.0350883,-0.0713184,0.447315
473641350,-0.0331477,-0.000252408,-0.0683783,0.447845
473669381,-0.0302211,0.0473928,-0.0647333,0.449613
473701347,-0.0183168,0.0847058,-0.0600641,0.451149
473733349,-0.00411956,0.169089,-0.0545363,0.452844
473765350,-0.00195561,0.177537,-0.0497682,0.4531
473797384,-0.00402374,0.172895,-0.0453953,0.453078
473829357,-0.00517253,0.172659,-0.0405819,0.453002
473861350,-0.0119917,0.164562,-0.0363762,0.453007
473893347,-0.018533,0.143196,-0.032189,0.453013
473921358,-0.0231347,0.117472,-0.0285997,0.453012
473953377,-0.0195025,0.0833156,-0.024401,0.453012
473985389,-0.0192369,0.05103,-0.0202871,0.452514
474017351,-0.0264527,0.0351075,-0.0164462,0.450499
474049365,-0.030646,0.00965309,-0.0130451,0.449923
474081405,-0.0219879,0.0107737,-0.0085727,0.448107
474113353,-0.00728814,0.0226235,-0.00396834,0.448027
474145387,0.00793326,0.0481288,0.000601449,0.448148
474177385,0.0180848,0.0832061,0.00485521,0.448456
474209353,0.0247053,0.0863706,0.00852109,0.449531
474241347,0.0285127,0.0867278,0.0120997,0.452001
474273354,0.0276772,0.0897187,0.0156269,0.452261
474305350,0.0244831,0.0889719,0.0187649,0.453038
474337384,0.0224015,0.0847582,0.0220303,0.455824
474369362,0.0149497,0.0783442,0.0252517,0.465992
474401355,-0.00275277,0.0767147,0.0277175,0.488873
474429349,-0.00894147,0.0661792,0.0299705,0.490566
474461356,-0.0141461,0.0520299,0.0323249,0.489733
474493347,-0.0172419,0.0369161,0.0343821,0.491012
474525351,-0.0174893,0.0252026,0.036482,0.498814
474557422,-0.0142288,0.0103288,0.0382598,0.517379
474589351,-0.00444922,0.00989862,0.0402027,0.519142
474621349,0.0118205,0.0154449,0.0424737,0.518059
474649350,0.0243791,0.0219222,0.0438952,0.517963
474681351,0.0355284,0.0268567,0.0457263,0.518035
474713347,0.0400886,0.0240542,0.0465818,0.517244
474745378,0.0384288,0.0362647,0.0476892,0.516818
474777354,0.0333456,0.0445401,0.0482665,0.516775
474809347,0.0224738,0.016197,0.048181,0.516628
474841350,0.017954,-0.0140733,0.0484058,0.516037
474873349,0.0195862,-0.0729376,0.0480156,0.515571
474905347,0.0168327,-0.108761,0.0478879,0.515639
474937373,-0.00965528,-0.230266,0.0448555,0.515671
474969352,-0.0302459,-0.258366,0.043549,0.515664
475001347,-0.0465354,-0.233532,0.0426411,0.515413
475033384,-0.0364717,-0.189845,0.042691,0.514824
475065386,-0.0292497,-0.125393,0.0431578,0.514367
475097381,-0.0182154,-0.0688612,0.0428108,0.514434
475125352,0.001174,-0.0346444,0.0426913,0.514467
475157377,0.0441937,-0.10479,0.0411973,0.514459
475189353,0.0663027,-0.234404,0.0378894,0.514457
475221384,0.126827,-0.590616,0.0323543,0.51396
475253353,0.147831,-0.624309,0.0308384,0.511785
475285347,0.150024,-0.749859,0.0283078,0.505162
475317382,0.132765,-0.897761,0.0258147,0.503559
475349362,0.178592,-1.1819,0.022134,0.49888
475377384,0.211157,-1.12667,0.0235132,0.496794
475409350,0.202422,-1.07403,0.0236771,0.496181
475441350,0.164424,-0.944151,0.0256659,0.496127
475473388,0.12884,-0.756444,0.0271265,0.495583
475505357,0.0969921,-0.524094,0.0301184,0.495088
475537374,0.0675814,-0.299657,0.0318034,0.495154
475569355,0.0424163,-0.106138,0.0337019,0.495189
475601355,0.024505,0.0330034,0.0342525,0.495182
475633359,0.0108458,0.139885,0.034584,0.49518
475661353,-0.000898816,0.189073,0.0343518,0.495181
475693356,-0.0081843,0.189951,0.0336329,0.495181
475725351,-0.0168555,0.148605,0.0336201,0.495181
475757374,-0.0140159,0.0954605,0.030322,0.495181
475789354,-0.00875998,0.0305558,0.0292283,0.495181
475821349,-0.00160321,-0.0323989,0.0259209,0.495181
475853347,0.00364437,-0.0798573,0.0235933,0.49543
475881351,0.00418708,-0.102792,0.0222141,0.496019
475913353,0.022246,-0.137492,0.0194291,0.496476
475945378,0.0325595,-0.154532,0.0173468,0.496409
475977351,0.023676,-0.213533,0.0167862,0.495539
476009349,0.00782092,-0.183862,0.0167092,0.49463
476041355,-0.0214994,-0.128972,0.0180591,0.488543
476073351,-0.0415377,-0.0564401,0.0189164,0.485056
476105347,-0.0523571,0.0019832,0.0188244,0.483152
476133349,-0.0528508,0.0421156,0.0181269,0.483062
476165349,-0.0492108,0.0672093,0.0170934,0.483103
476197384,-0.0392821,0.0740414,0.0149541,0.483135
476229351,-0.0366124,0.0671503,0.0140903,0.483383
476261347,-0.0395375,0.0452917,0.0132682,0.484468
476293354,-0.0401915,0.0161952,0.0124035,0.486315
476325362,-0.0392161,-0.00529002,0.0114287,0.488458
476357377,-0.0292012,-0.0310503,0.00945597,0.488919
476385352,-0.0208116,-0.0498689,0.00787234,0.489455
476417347,-0.01349,-0.0616527,0.00649374,0.490925
476449350,-0.0088313,-0.0614229,0.00537116,0.49262
476481349,-0.0056248,-0.0514873,0.00401285,0.500645
476513354,-0.0030982,-0.0356507,0.00337264,0.507529
476545347,-0.001335,-0.0181046,0.00271218,0.519038
476577384,0.000227433,-0.0026277,0.00208999,0.519011
476609355,0.00302807,0.00659658,0.00161838,0.517947
476637379,0.00617573,0.00697715,0.000916147,0.517995
476669349,0.00766717,-0.0021673,7.03808e-05,0.518068
476701351,0.00771,-0.0162049,-0.000566431,0.518086
476734157,0.00414396,0.074722,-0.000381588,0.518072
476766158,0.00319645,0.15666,-0.000788796,0.518071
476798170,0.00503809,0.331464,7.34829e-06,0.518072
476830191,0.00464304,0.389416,-0.00104218,0.518072
476858218,-0.000214523,0.701677,0.00135768,0.518072
476890157,0.000602361,0.863876,0.00132223,0.518072
476922185,0.00336307,1.01468,0.00112323,0.518072
476954152,0.00528337,0.908944,-0.00113063,0.518072
476986165,0.00884301,0.747378,-0.00408219,0.518072
477018188,0.0130644,0.599982,-0.00661198,0.518072
477050147,0.0194853,0.447007,-0.00917258,0.518072
477082192,0.0252183,0.279763,-0.011875,0.518072
477114192,0.0311549,0.157452,-0.0135171,0.518072
477146143,0.0353363,0.0712713,-0.0144261,0.518072
477178162,0.0375351,0.0335841,-0.0149001,0.518072
477210154,0.0361244,0.0811458,-0.0136363,0.517483
477242154,0.0299631,0.10235,-0.0129492,0.517405
477274208,0.0223629,0.184508,-0.0112211,0.516634
477306187,0.0128393,0.244213,-0.00875447,0.515722
477334207,0.00422367,0.298151,-0.00760538,0.514499
477366156,-0.00422067,0.332206,-0.0050917,0.511737
477398184,-0.00962884,0.38165,-0.00328958,0.496491
477430249,-0.0113612,0.382508,-0.00163614,0.487675
477462162,-0.00800436,0.356309,-0.000110696,0.481946
477494185,0.0049715,0.346978,0.0011179,0.479742
477526186,0.0141067,0.28586,0.00218877,0.476259
477558212,0.0235361,0.24965,0.00348739,0.459655
477586191,0.0317549,0.173315,0.00380719,0.455803
477618188,0.0392203,0.0986507,0.0042701,0.454983
477650147,0.0437238,0.10168,0.00590556,0.45542
477682148,0.0443412,0.0849246,0.00694085,0.455468
477714194,0.0408681,0.0701479,0.00830077,0.45458
477746156,0.0337956,0.051549,0.00899059,0.454161
477778145,0.0250778,0.0465613,0.0104002,0.454194
477810188,0.0151669,0.0518765,0.0114558,0.453977
477842188,0.0062031,0.069891,0.0127889,0.452961
477874160,-0.000411044,0.0813376,0.0137394,0.45292
477906160,-0.00413012,0.0821441,0.0139786,0.452988
477938189,-0.00430529,0.079631,0.0144789,0.45302
477970195,-0.00151331,0.06858,0.014511,0.453013
478002192,0.00245246,0.0491781,0.014023,0.453011
478034185,0.00841415,0.0213071,0.0138382,0.453012
478062199,0.01516,-0.0245104,0.0135964,0.453012
478094189,0.0205391,-0.125121,0.0126779,0.453012
478126154,0.0221886,-0.41823,0.00977069,0.453012
478158246,0.0198316,-0.527844,0.00853614,0.453012
478190153,0.0135413,-0.590493,0.00747885,0.453012
478222152,0.00242467,-0.682373,0.00623539,0.453012
478254205,-0.00245973,-0.677778,0.00608837,0.453012
478286187,-0.00461639,-0.665051,0.00606523,0.453012
478314194,0.00286356,-0.76548,0.00522641,0.453012
478346144,0.0145127,-0.682735,0.00570374,0.453012
478378188,0.0221536,-0.599552,0.0056226,0.453012
478410200,0.0279321,-0.751261,0.00318752,0.453012
478442153,0.0383727,-0.76322,0.00200644,0.453261
478474160,0.055152,-0.773267,0.000692914,0.454348
478506201,0.102934,-0.955641,-0.00288583,0.468194
478538185,0.114531,-0.973951,-0.00452106,0.479462
478566185,0.10502,-0.957357,-0.00505039,0.484701
478598177,0.07475,-0.882197,-0.00416579,0.48468
478630152,0.0165217,-0.845789,-0.00195534,0.484199
478662158,-0.00719036,-0.759037,2.7701e-05,0.484573
478694156,-0.021425,-0.669489,0.00163911,0.485447
478726189,-0.0311235,-0.611158,0.00329707,0.487728
478758187,-0.0382473,-0.507244,0.0047174,0.488365
478790187,-0.0367216,-0.431117,0.005535,0.489215
478818185,-0.0262797,-0.35609,0.00560768,0.490225
478850162,-0.00995875,-0.288453,0.00508018,0.494269
478882194,0.00800901,-0.238779,0.00437566,0.513442
478914152,0.0251529,-0.2021,0.00329406,0.519058
478946161,0.0396215,-0.192242,0.00209569,0.519343
478978193,0.050006,-0.206021,0.000489075,0.517926
479010157,0.0451728,-0.201243,-2.27085e-05,0.518213
479042191,0.0346044,-0.177908,-0.000571611,0.52177
479074156,0.024493,-0.142368,-0.000723604,0.524406
479106152,0.00600611,0.00674898,-0.000251353,0.52561
479138177,-0.0126231,0.175926,0.00143928,0.525345
479170155,-0.0266309,0.412749,0.00241581,0.525257
479202150,-0.0307377,0.854097,0.00450546,0.525301
479234156,-0.0274988,0.98495,0.00389536,0.525306
479266193,-0.0192642,1.17846,0.00354201,0.525301
479294188,-0.00903471,1.18121,0.00276183,0.525301
479326191,0.00776805,1.13953,0.000101304,0.525301
479358180,0.0349707,1.14421,-0.000763561,0.52614
479390203,0.0526659,0.944266,-0.00354103,0.526558
479422186,0.0622843,0.731426,-0.00594893,0.526597
479454156,0.0572571,0.624479,-0.00655344,0.531686
479486200,0.0491668,0.490585,-0.00786403,0.536385
479518223,0.0374486,0.386169,-0.00807539,0.538849
479546193,0.0222587,0.404638,-0.00808416,0.538694
479578154,0.0106174,0.366855,-0.00719965,0.538501
479610157,-0.0015662,0.377954,-0.00643011,0.538507
479642204,-0.0110861,0.527915,-0.00467459,0.539399
479674161,-0.0122358,0.602634,-0.00204198,0.539815
479706145,-0.00986131,0.654721,-0.000636304,0.53985
479738200,-0.012497,0.695814,0.000686623,0.540588
479770184,-0.0109784,0.662951,0.00216978,0.541008
479798196,-0.00761334,0.619098,0.00223691,0.541054
479830187,-0.004154,0.523828,0.00317617,0.540988
479862156,-0.00677903,0.426334,0.00276985,0.540956
479894201,-0.00555795,0.307493,0.00373678,0.539469
479926148,-0.00474122,0.18687,0.00387145,0.532947
479958182,-0.00462133,0.0717828,0.00513418,0.514008
479990160,-0.00615247,-0.020766,0.00684961,0.508512
480022187,-0.00213254,-0.0771718,0.00847069,0.499742
480050182,0.00209641,-0.0840245,0.012185,0.49929
480082203,-0.00282079,-0.0653134,0.0144891,0.500061
480114197,-0.00233074,-0.0706085,0.0184223,0.500012
480146152,0.00106624,-0.0700741,0.0217342,0.499992
480178197,0.00746948,-0.121312,0.0245486,0.499746
480210200,0.0272441,-0.514254,0.0252915,0.493988
480242143,0.0470435,-0.727209,0.026848,0.487138
480274193,0.158457,-1.0513,0.0323069,0.477944
480306152,0.188437,-1.14041,0.0361072,0.470986
480338184,0.17946,-1.18159,0.038158,0.462736
480370174,0.160344,-1.32333,0.0403504,0.457795
480402153,0.138899,-1.29707,0.0442847,0.457724
480434152,0.113619,-1.38705,0.0482467,0.454643
480466162,0.0822404,-1.25623,0.0538286,0.452174
480498187,0.0526905,-1.18523,0.0600165,0.447019
480526187,0.0284106,-1.06936,0.0651061,0.446577
480558190,0.00321647,-0.885412,0.0708574,0.44683
480590151,-0.0167987,-0.656746,0.0755086,0.447276
480622201,-0.0303471,-0.434271,0.0789527,0.448583
480654166,-0.0365879,-0.271595,0.0811908,0.450757
480686153,-0.0343052,-0.233241,0.0822156,0.452103
480718202,-0.0277402,-0.207416,0.0820958,0.451869
480750185,-0.0171259,-0.251596,0.0802811,0.453616
480778221,-0.00982704,-0.201215,0.0785702,0.460647
480810158,-0.00340463,-0.102808,0.076008,0.473635
480842150,-0.00122351,0.107547,0.0730599,0.487903
480874200,-0.00111547,0.215701,0.0699687,0.486857
480906153,-0.00372478,0.260046,0.0668164,0.486609
480938188,-0.00969496,0.310025,0.0635946,0.486675
480970168,-0.0207643,0.506331,0.0601406,0.486761
480998178,-0.0305507,0.667328,0.0568807,0.486006
481030985,-0.0530215,0.868338,0.0533549,0.483981
481062953,-0.127539,1.16568,0.0532534,0.480764
481094981,-0.12199,1.1105,0.0478239,0.48051
481127008,-0.086423,1.02082,0.0415828,0.479894
481158948,-0.103534,0.916006,0.0373362,0.479487
481190951,-0.12605,0.822328,0.033903,0.479184
481218948,-0.142348,0.919013,0.0300684,0.478269
481250950,-0.121124,0.843824,0.0252432,0.47823
481282952,-0.104251,0.879505,0.0215314,0.478819
481314952,-0.0858487,0.804918,0.0186254,0.480247
481346951,-0.0687609,0.819678,0.016384,0.48216
481378949,-0.0522193,0.76305,0.0146918,0.482314
481410949,-0.0400724,0.779942,0.013582,0.483159
481442952,-0.0323386,0.697206,0.0125487,0.483462
481471046,-0.0288388,0.62432,0.0113005,0.484493
481502954,-0.0303326,0.585405,0.0102398,0.487773
481534952,-0.0357647,0.511345,0.00894109,0.488207
481566947,-0.0443854,0.381472,0.00724848,0.48795
481599061,-0.0565106,0.18885,0.00507662,0.487926
481631048,-0.107698,-0.257317,-0.00138895,0.487954
481662947,-0.0942054,-0.554879,-0.0029515,0.488203
481694995,-0.0452577,-0.862002,-0.0029579,0.488791
481722949,-0.00745548,-1.35812,-0.00456535,0.489247
481754975,0.000583123,-1.4517,-0.0061456,0.48918
481786952,0.0151028,-1.46483,-0.00594919,0.489148
481818947,0.0286824,-1.62035,-0.00680759,0.489404
481850947,0.0324545,-1.58114,-0.00696052,0.489996
481882949,0.0426779,-1.57737,-0.00580969,0.490452
481914947,0.0429451,-1.35141,-0.00304259,0.490385
481946949,0.0367221,-1.0721,0.000189307,0.490352
481974947,0.028636,-0.77227,0.00411675,0.49036
482006949,0.0211778,-0.424696,0.00798794,0.490363
482038981,0.0160211,-0.0612042,0.0114695,0.49086
482070947,0.00413889,0.695441,0.0162668,0.494552
482102950,-0.00664661,1.11744,0.0189499,0.495466
482134951,0.00593641,1.41268,0.0169819,0.495209
482166949,0.0123087,1.3709,0.012979,0.495147
482198994,0.00761526,1.29275,0.010646,0.495162
482226947,-0.000649529,1.38369,0.00752099,0.495184
482258949,0.00576758,1.23186,0.00355336,0.495182
482290951,0.0177572,1.13429,-0.00156684,0.49518
482322952,0.0260912,0.858173,-0.00654546,0.495181
482354950,0.0274422,0.541349,-0.0116641,0.495181
482386949,0.0193601,0.214687,-0.0166454,0.495181
482418952,0.00917412,-0.0723326,-0.0199248,0.495181
482451053,-0.000727643,-0.44728,-0.0235459,0.495181
482478947,-0.00914029,-0.690233,-0.0242904,0.495181
482510947,-0.0161578,-0.998016,-0.0249215,0.495181
482542949,-0.0118134,-0.93776,-0.0216481,0.495181
482574976,-0.00456107,-0.856503,-0.0174713,0.495181
482606950,0.000924672,-0.695917,-0.0124356,0.495181
482638980,0.00850225,-0.651851,-0.00917847,0.495181
482670947,0.0142786,-0.56935,-0.00558937,0.495181
482702951,0.024729,-0.506163,-0.00238422,0.495181
482730973,0.116277,-0.506573,-0.0031492,0.495181
482762953,0.167403,-0.427818,-0.00201678,0.495181
482794981,0.18107,-0.425818,-0.00327744,0.495181
482826947,0.184829,-0.432632,-0.00285439,0.495181
482858952,0.180689,-0.489552,-0.00371159,0.49543
482890953,0.144002,-0.611622,-0.00381861,0.496437
482922952,0.0905443,-0.598055,-0.00208102,0.496476
482954952,0.0370925,-0.532294,-0.000684358,0.496376
482982952,0.00881785,-0.461921,0.000244261,0.496378
483014950,-0.0180243,-0.346463,0.00125036,0.496633
483046948,-0.034733,-0.147573,0.00218367,0.497394
483078951,-0.0324203,-0.00485196,0.00270554,0.496843
483110947,0.00351928,0.165405,0.00225286,0.496285
483142952,0.0148973,0.285158,0.00305987,0.496354
483174947,-0.000574534,0.621257,0.00619783,0.495058
483206947,0.0156973,0.768762,0.00695013,0.491711
483234950,0.0321936,0.823149,0.00709184,0.486456
483266949,0.0453394,0.884659,0.00726891,0.482158
483298987,0.0491857,0.823705,0.00596758,0.482065
483330947,0.0459196,0.69368,0.00499465,0.481903
483362947,0.0367284,0.497842,0.00302668,0.481917
483394977,0.022587,0.310537,0.00124439,0.482179
483426973,0.00640474,0.140563,0.00033908,0.482767
483459044,-0.00899294,0.00172909,-0.000852041,0.483433
483486949,-0.0192601,-0.081151,-0.000394709,0.4855
483518993,-0.0262746,-0.137799,-0.000123365,0.486763
483550949,-0.0268029,-0.152137,0.00230992,0.488946
483582950,-0.0221826,-0.118601,0.00407416,0.489307
483614947,-0.0119975,-0.0603819,0.00760354,0.489163
483647047,0.00197308,0.0124814,0.0105618,0.48914
483679074,0.0177979,0.0855017,0.0133914,0.489149
483711044,0.0168553,0.14543,0.0166377,0.488661
483738996,0.0166802,0.18046,0.0185582,0.487231
483770949,0.0173296,0.191703,0.0210547,0.48506
483802951,0.0121923,0.171483,0.0225749,0.484317
483834976,-0.0529758,0.125662,0.0241674,0.482517
483866951,-0.0735909,0.0636294,0.0251941,0.481351
483899052,-0.0759148,-0.00322271,0.0248125,0.480604
483931059,-0.0672252,-0.064872,0.0250048,0.479348
483963048,-0.0605755,-0.115967,0.0252619,0.466302
483990947,-0.0511361,-0.138386,0.0258014,0.455297
484022947,-0.0367146,-0.141823,0.0268223,0.447521
484054952,-0.021945,-0.124748,0.0278701,0.444562
484087046,-0.00971909,-0.0953037,0.0294069,0.445297
484119046,0.00660815,-0.0500495,0.0309865,0.446105
484150953,0.0225519,-0.00658504,0.0322905,0.448158
484183044,0.0350299,0.0322405,0.0336786,0.449411
484214995,0.0449174,0.0548231,0.0350716,0.450392
484242949,0.0507894,0.0696237,0.036017,0.45095
484274950,0.0520546,0.093243,0.0369936,0.45294
484306949,0.0449572,0.107523,0.038012,0.469624
484339072,0.0414856,0.0925094,0.0388161,0.481897
484370952,0.0380302,0.0697363,0.0393757,0.488806
484402949,0.0356657,0.0450388,0.039504,0.488339
484434951,0.0362843,0.0127726,0.0399369,0.487552
484466947,0.0381478,-0.0150519,0.0402445,0.486427
484494947,0.0387054,-0.0320289,0.0405293,0.485587
484527752,0.0399405,-0.0368065,0.0410846,0.484639
484559750,0.0418534,-0.0292085,0.0421334,0.48339
484591933,0.0428519,-0.016284,0.042923,0.483067
484623938,0.0432208,0.001887,0.0439352,0.482809
484655962,0.0419736,0.0204819,0.0446904,0.481885
484683751,0.0410632,0.0323385,0.0450558,0.481843
484715783,0.0433911,0.042633,0.0452082,0.481936
484747747,0.0389858,0.0493913,0.0456234,0.481935
484779939,0.0339505,0.0487394,0.0455574,0.481929
484811935,0.0289306,0.0277396,0.0452173,0.481088
484843938,0.0244483,-0.00141301,0.0452954,0.480422
484875961,0.020747,-0.0509376,0.0445293,0.479443
484907752,0.0174508,-0.0711994,0.0444058,0.479436
484935776,0.015064,-0.0704771,0.0444956,0.479777
484967944,0.0121183,-0.0607716,0.0443918,0.480364
484999934,0.00983951,-0.0264889,0.0449046,0.480813
485031937,0.00795541,-0.00592088,0.0450995,0.480746
485063749,0.00651962,0.011297,0.0451478,0.480715
485095775,0.00495523,0.0298635,0.0450807,0.480722
485127747,0.00362135,0.0381608,0.0450341,0.480972
485159750,0.00233676,0.042905,0.0443644,0.481562
485187756,0.00271723,0.038395,0.0438659,0.481979
485219752,0.00361795,0.00755398,0.0433065,0.481951
485251747,0.00459744,-0.0153624,0.0424934,0.481919
485283747,0.00599997,-0.0995205,0.0415752,0.482175
485315780,0.0067044,-0.1442,0.0409392,0.483016
485347748,0.00666395,-0.148662,0.0407023,0.487245
485379747,0.00447433,-0.140383,0.0408759,0.48906
485411752,0.000145577,-0.122732,0.0411713,0.489495
485439773,-0.00322949,-0.0948203,0.0413467,0.488397
485471751,-0.00328041,-0.0594943,0.0415888,0.486359
485503750,-0.00283744,-0.0234365,0.0417238,0.484538
485535751,-0.00146495,-0.00101612,0.0416493,0.483341
485567754,0.000504757,0.0130293,0.0412597,0.483085
485599784,-0.00203925,0.0360278,0.0409815,0.48312
485631747,-0.00172877,0.0628039,0.040399,0.483139
485663752,-0.00202618,0.0891044,0.0400627,0.483386
485691747,-0.00597465,0.111989,0.0395634,0.484388
485723752,-0.00322887,0.0861329,0.0382614,0.484428
485755776,-0.00130017,0.0540796,0.0374409,0.484328
485787747,-0.00348629,0.0366213,0.0364097,0.484329
485819756,-0.0057744,0.0382615,0.0356644,0.484336
485851784,-0.00326489,0.0595363,0.0354604,0.484587
485883785,-0.00417322,0.045366,0.0350669,0.485425
485915751,-0.0108121,0.0318574,0.0347274,0.488816
485943749,-0.0107534,0.0258658,0.0345673,0.491209
485975782,-0.00957131,0.0199941,0.0342685,0.505545
486007749,-0.0102821,0.0130222,0.0341634,0.515237
486039752,-0.0141168,0.00731937,0.0341845,0.519477
486071750,-0.0147638,0.00405397,0.0342271,0.518194
486103798,-0.00847325,-0.000457478,0.0344019,0.517907
486135940,-0.00142012,-0.00819335,0.0349481,0.517824
486167754,0.00161396,-0.0368995,0.0347278,0.517251
486199914,0.00430943,-0.103044,0.0349039,0.516822
486227752,0.00667954,-0.218407,0.0340445,0.516842
486259751,0.00695454,-0.234652,0.0343765,0.516876
486291752,0.00571935,-0.233952,0.0346116,0.516876
486323749,0.00294319,-0.241349,0.0349799,0.516866
486355783,-0.000730739,-0.227559,0.0355395,0.516867
486387747,-0.00354445,-0.228065,0.0357724,0.516868
486419754,-0.00689568,-0.218159,0.0366097,0.517116
486447750,-0.0104642,-0.218284,0.0371987,0.517706
486479753,-0.0126691,-0.205021,0.0375831,0.518163
486511753,-0.0108358,-0.162586,0.0386249,0.517847
486543747,-0.0076904,-0.144488,0.0389947,0.516559
486575789,-0.00305122,-0.134827,0.0397233,0.515688
486607938,0.00356428,-0.161667,0.0392953,0.507302
486639753,0.0119954,-0.159643,0.0397473,0.497863
486671750,0.0177479,-0.146458,0.0395152,0.482913
486699747,0.0182151,-0.143013,0.0395774,0.482035
486731754,0.0167324,-0.14088,0.0395771,0.48277
486763936,0.0127844,-0.136949,0.0392932,0.483213
486795971,0.00697688,-0.155527,0.0391216,0.482656
486827762,0.000199399,-0.15925,0.0387594,0.481443
486859795,-0.00709796,-0.159578,0.0380723,0.480789
486891752,-0.0131617,-0.139672,0.0382144,0.481516
486923768,-0.0175215,-0.118937,0.0376015,0.482283
486951747,-0.0189818,-0.107989,0.0370804,0.48329
486983748,-0.0183075,-0.111491,0.0366821,0.485597
487015749,-0.0149331,-0.173235,0.0350334,0.489765
487047752,-0.0104541,-0.188643,0.0341544,0.491302
487079781,-0.00385361,-0.207735,0.0331946,0.496273
487111748,0.00468905,-0.193886,0.0322503,0.496799
487143757,0.011265,-0.170736,0.0315649,0.49656
487175783,0.0126426,-0.143134,0.0312341,0.496594
487203747,0.0103757,-0.118478,0.0303628,0.49771
487235784,0.00761663,-0.090003,0.0300832,0.501065
487267937,0.000442689,-0.0622581,0.029072,0.516956
487299948,-0.004791,-0.0375292,0.0280922,0.523603
487331749,-0.00902082,-0.0198086,0.0271984,0.524826
487363751,-0.0100868,-0.0120007,0.0256163,0.523284
487395747,-0.0048699,-0.00594174,0.0240536,0.52189
487427753,-0.00313566,-0.0104757,0.0225495,0.52162
487455793,-0.00146675,-0.0202147,0.0212811,0.521871
487487752,0.00164206,-0.0372019,0.0198321,0.524629
487519751,0.00412792,-0.0543119,0.0178736,0.525501
487551747,0.00605108,-0.0687576,0.016661,0.525338
487583753,0.00631446,-0.0777504,0.0142777,0.525275
487615795,0.00372495,-0.0833241,0.013076,0.5253
487647767,-0.000780063,-0.0870057,0.0111561,0.525304
487679752,-0.00465671,-0.0857878,0.00977313,0.525302
487707750,-0.0104931,-0.0823789,0.00852632,0.523126
487739758,-0.0139871,-0.0769576,0.00715155,0.520364
487771747,-0.0158668,-0.0715984,0.00576322,0.515645
487803939,-0.0163556,-0.0679617,0.00455953,0.51531
487835964,-0.0156883,-0.0658616,0.00295012,0.515685
487867777,-0.0136106,-0.0669357,0.002491,0.515447
487899747,-0.0114577,-0.0706432,0.000723457,0.512071
487931755,-0.00973115,-0.0767239,0.000591633,0.506582
487959936,-0.00836435,-0.0830606,-0.000395006,0.499073
487991942,-0.0078446,-0.0893797,-0.000749392,0.484716
488023748,-0.00548593,-0.0908992,-0.00101605,0.482148
488055772,-0.004657,-0.0600606,-0.000779439,0.483915
488087750,-0.00731568,-0.0398384,-0.000135996,0.4845
488119773,-0.00975359,-0.0295567,0.000628486,0.484978
488151747,-0.0106491,-0.0296364,0.00113718,0.487669
488183755,-0.0119948,-0.0282615,0.00186493,0.488174
488215779,-0.012025,-0.024304,0.00267294,0.487959
488243944,-0.0122225,-0.0284448,0.00333653,0.487928
488275961,-0.0121715,-0.0360785,0.00369823,0.487953
488307757,-0.0119866,-0.0448005,0.00487682,0.488203
488339749,-0.0118939,-0.0527357,0.00557067,0.490047
488371760,-0.0112276,-0.0574099,0.00679914,0.490504
488403755,-0.0105325,-0.0586405,0.00804389,0.490476
488435749,-0.0100207,-0.0553872,0.00922342,0.490344
488463934,-0.0089064,-0.0528609,0.0104344,0.490352
488495787,-0.00829042,-0.0436913,0.0117795,0.490361
488527752,-0.00740428,-0.0326069,0.0133724,0.490362
488559755,-0.00635138,-0.0326639,0.0145234,0.490361
488591750,-0.00501523,-0.035379,0.0159289,0.490361
488623750,-0.00439984,-0.0387966,0.017379,0.490361
488655773,-0.0043798,-0.043117,0.0183417,0.490361
488687754,-0.00453817,-0.0472535,0.0199707,0.490361
488715784,-0.00592587,-0.0540558,0.0207779,0.490361
488747913,-0.00802756,-0.0617172,0.0218729,0.490361
488779913,-0.00998011,-0.0521808,0.0236891,0.490361
488811911,-0.0108969,0.0416516,0.0254378,0.490361
488843749,-0.0119745,0.114668,0.0273009,0.490361
488875823,-0.0133553,0.207435,0.0293902,0.490361
488907749,-0.0140132,0.390032,0.0311437,0.490361
488939754,-0.0123528,0.445825,0.0329902,0.490361
488971782,-0.0152656,0.529648,0.0335028,0.493034
489003751,-0.00986286,0.476282,0.0333358,0.496229
489035779,-0.00594582,0.405655,0.0323734,0.49825
489067749,-0.00804782,0.354706,0.0318454,0.499251
489099797,-0.0113681,0.298773,0.0309718,0.50131
489131749,-0.0134185,0.225386,0.0306363,0.502703
489160553,-0.012702,0.182454,0.0303766,0.502228
489192553,-0.0124556,0.158575,0.0307412,0.501538
489224573,-0.0134419,0.134775,0.0303238,0.501111
489256629,-0.00989817,0.0908146,0.0308735,0.501185
489288550,-0.00437101,0.067295,0.0302538,0.500125
489320549,0.0039358,0.0727676,0.0307371,0.49911
489352579,0.0115566,0.104529,0.0309872,0.498651
489384556,0.0174127,0.138649,0.0308196,0.498283
489412556,0.0211603,0.136106,0.0304671,0.496389
489444591,0.0226949,0.139442,0.0297234,0.486563
489476619,0.0186037,0.136606,0.0287341,0.483653
489508552,0.00971931,0.120357,0.0270427,0.483649
489540550,0.00475407,0.0971411,0.0250733,0.484428
489572547,-0.0031144,0.0905474,0.0233515,0.484394
489604551,-0.0159681,0.102808,0.0210003,0.48459
489636628,-0.0341817,0.138291,0.0188416,0.486428
489668554,-0.0433191,0.116885,0.0158759,0.486641
489700547,-0.047965,0.088814,0.0125841,0.484666
489732553,-0.0506183,0.0682883,0.00977007,0.484177
489764573,-0.0506805,0.063265,0.00602175,0.483484
489796621,-0.0489511,0.065977,0.00299589,0.4831
489828583,-0.0446074,0.0716465,-0.000711795,0.483109
489860558,-0.0364396,0.0672434,-0.00397914,0.482642
489888559,-0.0296413,0.0739079,-0.00682839,0.479223
489920547,-0.0251226,0.0931531,-0.0102743,0.463701
489952553,-0.0216289,0.0866489,-0.013425,0.459797
489984580,-0.0197546,0.0570675,-0.0168795,0.459519
490016619,-0.0193951,0.042644,-0.0196938,0.457899
490048550,-0.0207071,0.0358778,-0.0222681,0.455037
490080550,-0.0219468,0.0315597,-0.0247833,0.448188
490112556,-0.0235842,0.0280207,-0.0267175,0.445741
490140555,-0.0215447,0.0805858,-0.0277588,0.445612
490172553,-0.016974,0.133026,-0.0287182,0.445815
490204573,-0.0114141,0.230459,-0.0291081,0.446881
490236625,-0.00912276,0.249517,-0.0298199,0.447873
490268550,-0.0064698,0.251407,-0.0304171,0.448581
490300554,-0.00378328,0.280863,-0.0305251,0.450303
490332579,-0.00140802,0.295508,-0.0306142,0.450977
490364592,-0.000537439,0.312421,-0.0306266,0.451873
490396602,-0.000830459,0.278409,-0.0307707,0.451883
490428549,-0.00489813,0.233449,-0.0310966,0.451798
490460550,-0.00463273,0.191313,-0.0310099,0.45205
490492550,-0.00273687,0.151181,-0.0310303,0.452645
490524580,-0.00405494,0.116292,-0.0307996,0.463546
490556620,-0.00765013,0.09014,-0.0303604,0.476664
490588557,-0.00930833,0.0739028,-0.0300447,0.485573
490616625,-0.00733819,0.0543868,-0.0297246,0.486183
490648550,-0.00485135,0.0436543,-0.029081,0.485436
490680549,-0.00279949,0.0430851,-0.0285551,0.485502
490712547,-0.000413003,0.060942,-0.0279876,0.48556
490744575,0.00631122,0.0817527,-0.0274514,0.485544
490776628,0.00888986,0.100771,-0.027283,0.485789
490808550,0.0061613,0.116249,-0.0277276,0.48638
490840557,-0.00298618,0.116396,-0.0286031,0.486838
490868556,-0.00501075,0.116943,-0.0293461,0.48677
490900549,-0.00200476,0.11598,-0.0305272,0.486739
490932552,-0.00590929,0.105774,-0.0320419,0.486746
490964573,-0.0094644,0.0885012,-0.0337861,0.486499
490996629,-0.01087,0.0764873,-0.0360244,0.485908
491028579,-0.0111098,0.0592596,-0.0379332,0.485451
491060550,-0.00791157,0.053646,-0.039881,0.485519
491092587,0.0573017,0.0126802,-0.0401229,0.487476
491124550,0.117417,-0.0310137,-0.0400854,0.488895
491156629,0.14376,-0.0667967,-0.0413539,0.489389
491188573,0.127728,-0.122348,-0.0439998,0.489162
491220550,0.108295,-0.109776,-0.0457499,0.489132
491252550,0.0829612,-0.0762013,-0.046873,0.489146
491284582,0.0529249,-0.0501318,-0.0482073,0.489159
491316628,0.0242466,-0.0525391,-0.0490491,0.488908
491344557,-0.00169472,-0.0375263,-0.0495995,0.48782
491376626,-0.024979,-0.00581959,-0.0505421,0.486223
491408549,-0.0368326,0.0323831,-0.0512442,0.484498
491440549,-0.0384134,0.0592582,-0.0519014,0.484248
491472553,-0.0307885,0.0761413,-0.0532912,0.484024
491504553,-0.0170514,0.0885817,-0.0536033,0.483091
491536629,-0.000713095,0.101178,-0.0543457,0.482798
491568557,0.0145371,0.11739,-0.0550748,0.481884
491596642,0.0252125,0.133586,-0.0549162,0.481596
491628558,0.0324458,0.153213,-0.0549115,0.481067
491660547,0.0333623,0.175852,-0.0550281,0.480888
491692558,0.0285782,0.197114,-0.0543152,0.481539
491724557,0.019556,0.232845,-0.0538654,0.482275
491756622,0.0034744,0.249369,-0.0533477,0.482791
491788556,-0.0205649,0.257299,-0.0528188,0.483174
491820565,-0.0371542,0.243599,-0.052388,0.483155
491848559,-0.0235869,0.227237,-0.0516336,0.483125
491880549,-0.00520334,0.202865,-0.0504513,0.483131
491912547,0.00664245,0.178052,-0.0493671,0.483134
491944582,0.0252796,0.1572,-0.0479806,0.483133
491976625,0.0539371,0.145179,-0.0457486,0.483132
492008553,0.0663878,0.142058,-0.0438916,0.483132
492040547,0.0703585,0.143151,-0.0416799,0.483133
492072555,0.0664143,0.148814,-0.0394264,0.483381
492100556,0.0546697,0.155917,-0.0373341,0.484469
492132551,0.0336967,0.168179,-0.0350091,0.48719
492164580,0.0169323,0.174276,-0.0329002,0.487791
492196619,0.006735,0.17181,-0.0302222,0.488016
492228550,0.0051936,0.162809,-0.0280267,0.487958
492260550,0.00788113,0.145715,-0.0256051,0.487942
492292561,0.0113644,0.107279,-0.0237212,0.488791
492324556,0.00586601,0.0953782,-0.0220617,0.489248
492352553,-0.000101281,0.0916579,-0.0206584,0.48918
492384584,-0.00671455,0.086645,-0.0195315,0.489147
492416621,-0.0436551,0.0529983,-0.0187151,0.489156
492448547,-0.0667573,0.0261803,-0.0176582,0.489158
492480553,-0.0806419,-0.00313348,-0.0168123,0.489157
492512553,-0.0878553,-0.16571,-0.0155816,0.489157
492544551,-0.0820299,-0.234547,-0.0146389,0.489157
492576630,-0.0696501,-0.228483,-0.0132201,0.489157
492604590,-0.0554739,-0.189597,-0.0115646,0.489157
492636658,-0.0370551,-0.157277,-0.0100186,0.489157
492668550,-0.0180068,-0.0950855,-0.00873105,0.489157
492700547,-0.000816494,-0.0766777,-0.00720317,0.489157
492732550,0.0131372,-0.0774817,-0.00688547,0.489406
492764549,0.0217956,-0.0655517,-0.00586761,0.489995
492796628,0.0242284,-0.0278746,-0.00505508,0.490452
492828563,0.0210478,-0.011893,-0.00418782,0.492343
492856628,0.0150793,-0.0348741,-0.00366117,0.500796
492888584,0.00765182,-0.0786534,-0.00362944,0.514486
492920547,0.000811971,-0.159322,-0.00348866,0.525919
492952549,-0.00358986,-0.173377,-0.00321761,0.521932
492984580,-0.004126,-0.188798,-0.0024445,0.517211
493016627,-0.000763293,-0.162353,-0.00167987,0.517429
493048549,0.00569789,-0.118413,-2.17236e-05,0.518003
493080556,0.0148461,-0.0628677,0.00122287,0.518123
493108553,0.0224457,-0.0121969,0.00269482,0.518071
493140554,0.0305911,0.0440756,0.00495438,0.518062
493172555,0.0367361,0.0899334,0.00650542,0.518073
493205392,0.0391408,0.120197,0.00862141,0.518073
493237380,0.0384794,0.136147,0.00979219,0.518072
493269355,0.0341418,0.142007,0.0113672,0.518072
493301351,0.0279362,0.115156,0.0121001,0.518072
493333349,0.0204597,0.082249,0.0132129,0.518072
493365350,0.0146308,0.0418585,0.0138507,0.518072
493397349,0.069472,-0.0503628,0.0130511,0.517234
493429372,0.152633,-0.136374,0.0112447,0.516777
493461345,0.151647,-0.168484,0.0128032,0.516595
493493362,0.138162,-0.178528,0.0142677,0.516038
493525349,0.121713,-0.181345,0.0161058,0.516412
493557381,0.102427,-0.145418,0.017891,0.516895
493589352,0.0789921,-0.0957454,0.019984,0.517216
493621351,0.0544146,-0.0520156,0.0220443,0.518116
493653352,0.0316931,-0.0149635,0.0240949,0.518154
493685375,0.0125424,0.00159476,0.0260914,0.518064
493717379,-0.00115189,0.0230648,0.0277152,0.518065
493745350,-0.00884964,0.0347071,0.0292004,0.518071
493777383,-0.013186,0.0434208,0.0297258,0.518073
493809354,-0.0131736,0.0470133,0.0306204,0.518072
493841347,-0.0101644,0.0476898,0.0311515,0.516985
493873349,-0.00638766,0.0355093,0.0315175,0.515977
493905389,0.00153424,0.0654194,0.0321046,0.513963
493937377,0.0265899,0.0916904,0.0318755,0.510631
493969352,0.0751324,0.108775,0.0305894,0.505425
493997382,0.152569,0.109277,0.0284696,0.499277
494029356,0.16076,0.092522,0.0285672,0.499553
494061351,0.166624,0.0761299,0.0287391,0.499976
494093355,0.189223,0.0499399,0.0279496,0.500034
494125355,0.167225,0.0280501,0.0284542,0.499992
494157350,0.132294,0.0156634,0.0293963,0.499998
494189358,0.0950061,0.00368863,0.0295618,0.500001
494221355,0.0438182,-0.00351711,0.0309543,0.500249
494249375,-0.00146948,0.00071245,0.0317277,0.500839
494281349,-0.0538496,0.022458,0.0320116,0.501296
494313357,-0.0748396,0.0304812,0.0324037,0.501228
494345347,-0.103227,0.0338204,0.0326637,0.501197
494377364,-0.113437,0.0332174,0.0333046,0.501204
494409391,-0.118726,0.0297978,0.0332818,0.501206
494441347,-0.124758,0.029631,0.0337918,0.501205
494473354,-0.110374,0.0234477,0.0330825,0.501205
494501351,-0.108882,0.0145739,0.0329845,0.501205
494533382,-0.102906,-0.000684993,0.0323127,0.500956
494565349,-0.0786707,-0.00899278,0.0310625,0.500366
494597349,-0.0600936,-0.0146235,0.0301027,0.49966
494629354,-0.0478065,-0.0176176,0.0286465,0.488781
494661349,-0.0410601,-0.0171796,0.0276822,0.481626
494693382,-0.0391557,-0.0130895,0.0264667,0.477986
494725351,-0.0410281,-0.00542741,0.0252038,0.475983
494753349,-0.0655795,0.00114438,0.0250348,0.475807
494785350,-0.191637,0.0115677,0.0275323,0.476152
494817373,-0.213453,0.0143927,0.0269232,0.476752
494849381,-0.202067,0.00542839,0.0254062,0.477164
494881349,-0.183883,-0.068248,0.0234788,0.47797
494913350,-0.165826,-0.117102,0.02228,0.478356
494945347,-0.179371,-0.156398,0.0213381,0.478336
494977352,-0.184071,-0.170732,0.0206256,0.478803
495005347,-0.308705,-0.201563,0.0236492,0.481664
495037383,-0.345094,-0.191923,0.0241061,0.482162
495069353,-0.355782,-0.167128,0.0241895,0.482315
495101347,-0.348612,-0.133499,0.0242341,0.483159
495133351,-0.288723,-0.10385,0.0224162,0.483213
495165352,-0.186819,-0.0867091,0.0186491,0.483126
495197379,-0.0312561,-0.0999836,0.0122073,0.483131
495229379,0.0371878,-0.0874351,0.00939775,0.483133
495257381,0.062867,-0.0751803,0.00817665,0.483133
495289351,0.071844,-0.0670493,0.00748406,0.483132
495321347,0.0803437,-0.0664889,0.0066056,0.483132
495353366,0.0712658,-0.0672697,0.0056131,0.483133
495385349,0.0596269,-0.0667777,0.00515088,0.483133
495417350,0.0410541,-0.0659216,0.00466812,0.483879
495449374,0.034946,-0.0649367,0.00389775,0.48858
495481384,0.0284643,-0.063091,0.00340309,0.489533
495509347,0.0457099,-0.0599695,0.00225693,0.489176
495541352,0.048292,-0.0549946,0.00209943,0.489114
495573358,0.120421,-0.0240142,-1.36058e-05,0.489158
495605349,0.155821,0.0282632,-0.000172362,0.489161
495637388,0.165016,0.196353,0.00313711,0.48841
495669348,0.158579,0.316622,0.00621783,0.486143
495701349,0.14605,0.423204,0.00885906,0.483709
495733379,0.124296,0.557364,0.0120409,0.482881
495761350,0.0991534,0.563306,0.0132099,0.483113
495793351,0.066251,0.533013,0.0132183,0.483152
495825350,0.0328889,0.432435,0.0133256,0.483131
495857375,-0.00239586,0.311551,0.012773,0.486735
495889383,-0.034733,0.187095,0.0125718,0.488998
495921364,-0.118484,0.0612005,0.0130903,0.489341
495953349,-0.166585,-0.0466135,0.0129224,0.489143
495985354,-0.18355,-0.127691,0.0134168,0.489116
496013352,-0.168986,-0.171859,0.0143785,0.48916
496045354,-0.149633,-0.191004,0.0160425,0.489409
496077349,-0.153255,-0.178293,0.0179265,0.49124
496109347,-0.264421,-0.143312,0.0211864,0.507113
496141353,-0.273192,-0.095081,0.0245049,0.516388
496173347,-0.238872,-0.0393451,0.0281318,0.519739
496205352,-0.180005,0.00192285,0.031874,0.517746
496237367,-0.0945634,0.0240871,0.0339487,0.516608
496265352,-0.00435354,0.0250265,0.0362717,0.516569
496297351,0.219659,0.000207491,0.036657,0.515633
496329347,0.320362,-0.0488196,0.0386261,0.515325
496361350,0.360024,-0.119304,0.0404425,0.51405
496393349,0.343719,-0.208007,0.0428286,0.503241
496425353,0.292221,-0.244555,0.0460702,0.495725
496457381,0.222221,-0.262531,0.050335,0.490568
496489351,0.139669,-0.259017,0.0536946,0.486764
496517375,0.0730091,-0.243363,0.0571019,0.485733
496549351,0.00651375,-0.179734,0.0611621,0.486779
496581349,-0.0416605,-0.0983624,0.0642522,0.488472
496613381,-0.0670205,-0.0304731,0.0672691,0.489369
496645351,-0.0677238,0.00789752,0.068845,0.489194
496677352,-0.0473025,0.036718,0.0711181,0.489378
496709352,-0.0157948,0.0555324,0.0713284,0.490412
496741349,0.0172687,0.0485861,0.0721574,0.490455
496773347,0.0494347,0.0239305,0.0719836,0.490352
496805361,0.0738928,-0.0119912,0.0723799,0.490353
496837386,0.0856495,-0.0547914,0.0725842,0.490363
496869350,0.0824034,-0.0969393,0.0729611,0.490362
496901360,0.0657651,-0.133548,0.0736012,0.490113
496933386,0.037755,-0.157532,0.0740118,0.487427
496965355,0.0110532,-0.163431,0.0748526,0.486552
496993382,-0.011333,-0.15846,0.0754184,0.486709
497025353,-0.0331122,-0.141435,0.0754028,0.486524
497057372,-0.0461161,-0.115322,0.0753359,0.48574
497089356,-0.0494982,-0.0854677,0.0751179,0.486287
497121384,-0.0432198,-0.0579444,0.073661,0.486774
497153347,-0.029827,-0.0357386,0.0726929,0.486779
497185352,-0.0156066,-0.023491,0.0706899,0.486739
497217349,-0.046671,-0.0231557,0.0685458,0.485409
497245357,-0.0726755,-0.0310613,0.0666671,0.483814
497277358,-0.0850694,-0.0470151,0.0640671,0.482939
497310186,-0.124989,-0.0684986,0.0614128,0.484431
497342158,-0.157196,-0.0893137,0.0586849,0.48659
497374152,-0.18561,-0.100059,0.0561222,0.489467
497406152,-0.162504,-0.104987,0.0531103,0.489373
497438218,-0.114965,-0.103377,0.0504482,0.489121
497466189,-0.0758324,-0.095464,0.0477151,0.48914
497498248,-0.0219302,-0.0794569,0.0443732,0.489406
497530178,0.106415,-0.0567265,0.041005,0.490414
497562153,0.179453,-0.0322945,0.0374715,0.490452
497594155,0.208631,-0.0119177,0.033805,0.490352
497626143,0.191776,0.00792442,0.0309176,0.490353
497658230,0.158021,0.0380779,0.0280373,0.49036
497690187,0.140686,0.0822711,0.0248449,0.490362
497718185,0.112317,0.0799533,0.0216913,0.490361
497750157,0.0681514,0.0684351,0.0176718,0.490361
497782152,0.0261907,0.0523742,0.0131817,0.490361
497814156,-0.000887417,0.0308804,0.00889918,0.490361
497846158,-0.010751,0.00603315,0.00403441,0.490361
497878157,-0.00838863,-0.0526628,-0.000674049,0.490361
497910155,-0.00364049,-0.108814,-0.00578571,0.490361
497942187,0.00925129,-0.152805,-0.0105981,0.490361
497970192,0.0255267,-0.146261,-0.0142787,0.490113
498002154,0.0420169,-0.127949,-0.0181974,0.489523
498034166,0.0580637,-0.101435,-0.0217596,0.487481
498066160,0.0654328,-0.0675931,-0.0255164,0.485112
498098153,0.0633942,-0.031102,-0.0285126,0.481954
498130178,0.0541913,0.00266636,-0.0317936,0.481725
498162154,0.0392547,0.0304182,-0.0348301,0.481848
498194184,0.0221055,0.0549758,-0.0374028,0.481698
498222188,0.00794776,0.0764782,-0.0396943,0.481343
498254204,0.000602226,0.164798,-0.04202,0.481887
498286154,0.00364368,0.171666,-0.0445576,0.481995
498318154,0.106878,0.137803,-0.0481279,0.483263
498350156,0.147556,0.103079,-0.0510222,0.485104
498382157,0.152411,0.0687157,-0.0530816,0.486573
498414199,0.140613,0.0364349,-0.0549401,0.487125
498446199,0.130438,0.00965089,-0.0565662,0.487832
498474208,0.108945,-0.00633927,-0.0579884,0.488816
498506159,0.00637036,-0.0270678,-0.0590312,0.489273
498538179,-0.0733146,-0.0551498,-0.0600722,0.489173
498570153,-0.122854,-0.0911211,-0.0608621,0.48914
498602154,-0.136762,-0.135491,-0.0612333,0.489156
498634157,-0.140675,-0.115092,-0.0615253,0.489158
498666158,-0.130844,-0.0867219,-0.0617965,0.489157
498698221,-0.104728,-0.0586675,-0.0625423,0.489156
498726188,-0.0747474,-0.0349754,-0.0626337,0.488908
498758156,-0.0308373,-0.0116453,-0.0631012,0.485135
498790156,0.00940772,0.00917665,-0.0639475,0.483252
498822152,0.0379162,0.0336093,-0.0639493,0.482981
498854159,0.0497004,0.0397339,-0.064518,0.483144
498886155,0.0479007,0.037957,-0.0648736,0.483167
498918156,0.0353792,0.0282188,-0.0648211,0.48313
498950192,0.0254916,0.0203258,-0.064867,0.483129
498982198,0.0913806,0.0124608,-0.065571,0.484469
499014152,0.104094,0.00347208,-0.0655169,0.486067
499046168,0.0859351,-0.00844419,-0.065179,0.487791
499078162,0.0516042,-0.0156479,-0.0649646,0.48829
499110155,-0.0103793,-0.0150758,-0.0640409,0.488855
499142153,-0.121859,-0.00621362,-0.0625603,0.489237
499174199,-0.128534,0.00162122,-0.062053,0.489175
499206147,-0.116924,0.00773074,-0.0612485,0.48915
499238186,-0.10399,0.0108077,-0.0606473,0.489156
499270157,-0.0841238,0.0119473,-0.0598915,0.489157
499302154,-0.0566135,0.0138325,-0.0595683,0.489157
499334159,-0.0300857,0.0122409,-0.0587446,0.489157
499366158,-0.00921064,0.00851523,-0.0586279,0.489157
499398193,0.00353233,0.0032878,-0.0582375,0.488659
499426185,0.007609,-0.0084207,-0.0575598,0.484127
499458191,0.00421853,-0.019919,-0.0573763,0.482546
499490166,-0.00530605,-0.0298598,-0.0568314,0.480985
499522152,-0.0187489,-0.0394931,-0.0562659,0.480624
499554153,-0.0276689,-0.049463,-0.0557516,0.48071
499586155,-0.0356016,-0.0432685,-0.0552405,0.480735
499618184,-0.0404343,-0.0326716,-0.0547402,0.48073
499650196,-0.0344134,-0.0135792,-0.0537377,0.480722
499678192,-0.0241165,0.0037679,-0.0534718,0.480722
499710156,0.036892,0.0218879,-0.0535486,0.480723
499742157,0.0714261,0.0243832,-0.0531272,0.480723
499774152,0.0794273,0.0185242,-0.0527546,0.480723
499806152,0.0665056,0.0167114,-0.0519157,0.480723
499838178,0.0382201,0.00914358,-0.0511213,0.480723
499870156,-0.0306705,-0.0055353,-0.0493879,0.480474
499902196,-0.0622856,-0.0235729,-0.0485181,0.479884
499930220,-0.0786504,-0.0392644,-0.0479309,0.479466
499962154,-0.0875043,-0.0416941,-0.0464604,0.479246
499994157,-0.0918549,-0.0383086,-0.0454539,0.466805
500026155,-0.0873723,-0.0309777,-0.0444856,0.45511
500058189,-0.0753447,-0.0145929,-0.0434235,0.446856
500090152,-0.0579139,0.00698439,-0.0422738,0.445294
500122158,-0.0380178,0.0162839,-0.041285,0.446878
500154185,-0.0188681,0.0229244,-0.0403647,0.449725
500182188,-0.00370333,0.0277117,-0.0394368,0.451232
500214157,0.00807804,0.0293111,-0.038179,0.453236
500246154,0.0136114,0.0267568,-0.0369028,0.457773
500278159,0.00738311,0.0201692,-0.0357499,0.481232
500310152,-0.00130091,0.0106782,-0.034344,0.48964
500342156,-0.0108009,-0.00843328,-0.0327919,0.489701
500374151,-0.0212859,-0.034386,-0.031608,0.489019
500406185,-0.0324975,-0.0691138,-0.0302606,0.488999
500438186,-0.050128,-0.1218,-0.0289166,0.489176
500470163,-0.053223,-0.115764,-0.0271798,0.48917
500502204,-0.047147,-0.0787473,-0.0254656,0.489154
500534159,-0.0381471,-0.0515318,-0.0234931,0.489156
500566155,-0.0272966,-0.0206563,-0.0221455,0.489157
500598143,-0.0160162,0.00892391,-0.0205283,0.489157
500630187,-0.00107619,0.0360444,-0.0191613,0.489157
500658228,0.009189,0.0526886,-0.0184636,0.489406
500690158,0.0155543,0.0635926,-0.0176753,0.49124
500722155,0.0160406,0.065342,-0.0168176,0.505685
500754155,0.0109848,0.0566526,-0.0166317,0.514464
500786158,0.00323571,0.0323941,-0.0162496,0.517819
500818155,-0.00534,0.00246944,-0.0161499,0.516964
500850164,-0.011923,-0.0206683,-0.0159308,0.516793
500882187,-0.0175616,-0.0312601,-0.0155369,0.516869
500910187,-0.0195191,-0.0357815,-0.0149279,0.516883
500942155,-0.0190638,-0.0336467,-0.0149891,0.516866
500974156,-0.0150655,-0.0346796,-0.0138328,0.516867
501006947,-0.0099913,-0.034881,-0.0139437,0.516868
501038982,-0.0143876,-0.0320979,-0.0128078,0.516867
501070947,-0.0154021,-0.0222483,-0.012626,0.51637
501098950,-0.0247163,-0.01165,-0.0119188,0.514692
501130975,-0.0583679,0.0152739,-0.010441,0.497782
501162951,-0.0752768,0.0212932,-0.00973532,0.48643
501194952,-0.0919569,0.0189224,-0.00870542,0.481731
501226948,-0.107239,0.0027005,-0.00828329,0.482977
501258947,-0.100863,-0.014608,-0.00776942,0.483303
501290950,-0.0899167,-0.0198813,-0.00700018,0.483134
501322951,-0.0772986,-0.0115516,-0.00640054,0.483115
501350953,-0.0632843,0.00982077,-0.00569095,0.483126
501382949,-0.0457018,0.0351844,-0.00484245,0.483134
501414975,-0.0287567,0.0345878,-0.00425154,0.483133
501446957,-0.0142714,0.0339634,-0.00447914,0.483132
501478974,-0.00187328,0.0326651,-0.00428871,0.483132
501510947,0.00539505,0.0274341,-0.0043883,0.483133
501542950,-0.010567,0.0183956,-0.00484508,0.483133
501575005,-0.0428225,0.00665916,-0.00474165,0.483133
501602953,-0.0835677,-0.00331439,-0.00485069,0.483133
501634947,-0.116479,-0.00934132,-0.00512355,0.483133
501666950,-0.100516,-0.0189946,-0.00552865,0.483133
501698951,-0.0183355,-0.0284871,-0.0065362,0.483133
501730947,0.0708535,-0.0356113,-0.00717219,0.483133
501762950,0.145519,-0.0398155,-0.00813422,0.483133
501794951,0.17488,-0.0386911,-0.00789318,0.483133
501826949,0.173057,-0.0320223,-0.00804826,0.483133
501854953,0.161774,-0.0228335,-0.00797026,0.483133
501886950,0.14334,-0.0159569,-0.00746524,0.483133
501918973,0.11055,-0.00693829,-0.00745048,0.483133
501950952,0.0695749,0.00231285,-0.00658735,0.483133
501982947,0.0275598,0.0074655,-0.00622622,0.483381
502014952,-0.00640464,-0.00287133,-0.00591764,0.484967
502046951,-0.0250465,-0.0528552,-0.00563882,0.489455
502078947,-0.0378492,-0.0717421,-0.00563912,0.489792
502106954,-0.0391749,-0.0894147,-0.00522692,0.49008
502138972,-0.0267146,-0.161207,-0.00553975,0.490419
502170947,-0.0106406,-0.230289,-0.00643817,0.490381
502202955,0.00411263,-0.294695,-0.00674535,0.490357
502234947,0.0115518,-0.325126,-0.00698827,0.49036
502266947,0.0217253,-0.275109,-0.00656852,0.490362
502298952,0.0249751,-0.217486,-0.00579427,0.490362
502330947,0.0148849,-0.167945,-0.00498789,0.490361
502358953,0.00194475,-0.106723,-0.00407365,0.49061
502390947,-0.0162615,-0.0293005,-0.0032462,0.492706
502422949,-0.0216197,0.0375755,-0.0025223,0.49425
502454955,-0.0214855,0.0917031,-0.00240106,0.496566
502486950,-0.0227612,0.166746,-0.00223901,0.502021
502518953,-0.0120005,0.196889,-0.00264386,0.502815
502550948,-0.00198398,0.219299,-0.0022404,0.502414
502582950,0.00900032,0.190216,-0.00260975,0.502367
502611048,0.00571482,0.159064,-0.00160857,0.502393
502642947,-0.0841368,0.156953,0.00188219,0.502414
502674951,-0.137562,0.136204,0.00338532,0.502411
502706953,-0.239028,0.159225,0.0068347,0.501911
502738979,-0.257503,0.150759,0.00795068,0.500732
502770947,-0.224094,0.142231,0.0090435,0.498731
502802953,-0.138471,0.107248,0.00889472,0.497609
502834952,0.104907,0.0796871,0.00721126,0.496235
502862950,0.18858,0.061311,0.00752311,0.496283
502894950,0.217276,0.041134,0.00872725,0.496377
502926975,0.218321,0.0257785,0.010313,0.496394
502958964,0.2126,0.0169964,0.0116308,0.496136
502990947,0.190492,0.00816902,0.0129049,0.494879
503022953,0.154752,0.00814969,0.014478,0.492758
503054952,0.113983,0.0150071,0.0158524,0.483838
503086950,0.0759392,0.0241458,0.0173909,0.482416
503115047,0.0469221,0.0320586,0.018928,0.48273
503146949,0.0184894,0.043756,0.0207735,0.483208
503178980,0.00502451,0.0471324,0.022131,0.483162
503210950,0.00773738,0.0508169,0.0238631,0.483125
503242952,0.0211913,0.0523305,0.0252265,0.483131
503274947,0.047025,0.0465033,0.0261239,0.483133
503306950,0.0622371,0.0388055,0.0267648,0.483133
503338993,0.0763404,0.0316649,0.0270191,0.483132
503366951,0.077572,0.0296262,0.027059,0.483133
503398947,0.0671159,0.0310698,0.0267915,0.483133
503430957,0.0432265,0.0348048,0.0258916,0.483133
503463048,0.00517542,0.0375699,0.0249174,0.483133
503495078,-0.0324426,0.0398942,0.0238584,0.483381
503527073,-0.06288,0.0418315,0.0224132,0.484389
503558952,-0.085568,0.0418439,0.0207908,0.484428
503590947,-0.0982411,0.0470296,0.0191059,0.484328
503618950,-0.100588,0.0639364,0.0176741,0.484329
503650950,-0.0910013,0.0933473,0.0160802,0.484336
503682959,-0.0671016,0.145495,0.0139166,0.484338
503715092,-0.0420518,0.148236,0.0120997,0.484586
503747041,-0.020394,0.141172,0.00978305,0.486433
503779047,0.00124952,0.133854,0.00739414,0.487139
503811048,0.0183877,0.121712,0.00543008,0.488267
503843044,0.0242582,0.103622,0.00298826,0.488864
503870953,0.0177171,0.0849662,0.00105791,0.489223
503902949,-0.00295166,0.061697,-0.000471534,0.489174
503934950,-0.0252397,0.0384851,-0.00232616,0.489147
503966950,-0.0752119,0.0194744,-0.00351494,0.489156
503998947,-0.102343,0.00733638,-0.00430599,0.489158
504030947,-0.095185,0.000395322,-0.00550476,0.489157
504063052,-0.067684,-0.00260656,-0.00650204,0.489157
504095052,-0.0348655,0.000112957,-0.00800471,0.489157
504122953,-0.00208875,0.00576409,-0.009323,0.489157
504154988,0.0217577,0.016212,-0.0113539,0.489157
504186949,0.0402902,0.0259721,-0.0128484,0.489157
504218950,0.0536654,0.0341306,-0.0139764,0.489157
504250950,0.0602438,0.0427214,-0.0152416,0.489157
504282947,0.0637237,0.0515546,-0.0154688,0.489157
504314995,0.0551309,0.0583306,-0.015955,0.489157
504346947,0.030562,0.0682152,-0.0165191,0.489157
504374949,0.0091878,0.0637647,-0.0167413,0.489157
504406947,-0.0121345,0.0445898,-0.0172963,0.489157
504438974,-0.0275568,0.0266561,-0.0179786,0.489406
504470953,-0.0358157,0.0112476,-0.0180204,0.489995
504502949,-0.0362551,-0.00345482,-0.0178327,0.490452
504534950,-0.0326066,-0.00702425,-0.017731,0.490385
504566950,-0.0282149,0.000158015,-0.0177577,0.490354
504595777,-0.0237201,0.010714,-0.017959,0.49036
504627784,-0.0179749,0.0193141,-0.0188485,0.490114
504659754,-0.0142341,0.0216441,-0.0197768,0.489026
504691749,-0.0135442,0.000964016,-0.0209376,0.484626
504723801,-0.0122789,-0.0421729,-0.0219008,0.48319
504755775,-0.0112626,-0.119491,-0.0228055,0.483021
504787751,-0.00804419,-0.127288,-0.0225234,0.483144
504815750,-0.00757553,-0.117633,-0.0219164,0.483159
504847754,-0.0118235,-0.0967736,-0.0214749,0.48313
504879752,-0.016692,-0.062464,-0.020933,0.48313
504911749,-0.0184535,-0.0228704,-0.0205195,0.483133
504943750,-0.0166674,0.0118246,-0.0204681,0.482635
504975814,-0.0130499,0.0351449,-0.0203702,0.480619
505007749,-0.00439878,0.0479457,-0.0203176,0.480292
505039753,0.0110479,0.0350485,-0.0203061,0.479837
505071761,0.0290614,-0.025508,-0.0205143,0.480282
505103933,0.0466,-0.0367013,-0.0201066,0.480754
505135781,0.0594703,-0.0359395,-0.0193551,0.480821
505167749,0.0638412,-0.0187473,-0.0178417,0.480715
505199787,0.0619936,0.00468937,-0.0160775,0.480714
505231750,0.0619884,0.0757114,-0.0140203,0.480724
505263761,0.0548141,0.112776,-0.0119573,0.480724
505291753,0.0422014,0.129336,-0.0100318,0.480723
505323752,0.0463368,0.134751,-0.0086651,0.480723
505355753,0.0718502,0.1314,-0.00748525,0.480474
505387747,0.146611,0.113006,-0.00655516,0.479466
505419754,0.142485,0.0817538,-0.00503185,0.479427
505451766,0.125307,0.0361493,-0.00313774,0.479527
505483750,0.114187,-0.0140156,-0.0015316,0.479526
505515775,0.0974445,-0.091937,0.00017503,0.479766
505543933,0.0552117,-0.123484,0.00217555,0.480356
505575952,-0.0232849,-0.131224,0.00428202,0.480775
505607752,-0.090596,-0.114111,0.00668847,0.480814
505639747,-0.116162,-0.0873493,0.00806132,0.480714
505671752,-0.113767,-0.0644209,0.00934372,0.480715
505703794,-0.105001,-0.0588764,0.00982757,0.480724
505735780,-0.0855895,-0.0271032,0.00997306,0.480724
505767749,-0.063307,-0.0067074,0.0105278,0.480723
505795750,-0.0349737,-0.0028508,0.0103315,0.480474
505827752,-0.0053892,-0.0113405,0.0100069,0.479884
505859747,0.015401,-0.0296952,0.0103847,0.479427
505891750,0.0233569,-0.0305867,0.0107373,0.479495
505923749,0.0220836,-0.0284611,0.0107562,0.479028
505955777,0.0129545,-0.0179715,0.0109189,0.475353
505987750,-0.00357976,0.000479219,0.0116341,0.467124
506019749,-0.0229665,0.0231652,0.0117611,0.454049
506047747,-0.0403576,0.0340496,0.0119705,0.4533
506079749,-0.0507468,0.0432784,0.0122502,0.454283
506111749,-0.0468649,0.045242,0.0117303,0.454301
506143747,-0.0232256,0.0380616,0.0109932,0.455046
506175751,-0.00273166,0.0278931,0.0105236,0.455466
506207749,0.0138635,0.0284719,0.00978631,0.455695
506239749,0.0294196,0.0276012,0.00947007,0.456252
506271749,0.0447266,0.0228884,0.00935979,0.45914
506299747,0.0484132,0.0140516,0.00913558,0.463671
506331756,0.047415,0.00245763,0.00859452,0.471431
506363749,0.0430903,-0.00745819,0.00829162,0.483541
506395749,0.035954,-0.0144005,0.00797551,0.484018
506427781,0.0263601,-0.0147725,0.00763687,0.483051
506459782,0.0156971,-0.0185576,0.00733523,0.483054
506491747,0.00884063,-0.0213596,0.00717708,0.483143
506523749,0.00672808,-0.0205431,0.00727771,0.483139
506555964,0.0102133,-0.0154114,0.00737011,0.483133
506583749,0.0135098,0.00627035,0.00743266,0.483132
506615784,0.0183075,0.0202037,0.00749713,0.483133
506647747,0.0236654,0.0372339,0.00796809,0.483133
506679749,0.026469,0.0498631,0.00799875,0.483133
506711753,0.0258877,0.063454,0.00792931,0.483133
506743746,0.0212871,0.0872921,0.00855338,0.481455
506775789,0.015322,0.0866704,0.00840739,0.480619
506803749,0.00895447,0.0827821,0.00831019,0.472658
506835789,-0.00242979,0.0730808,0.00863544,0.460649
506867756,-0.0154002,0.0708285,0.00860814,0.444402
506899913,-0.0281866,0.069359,0.00850148,0.444843
506931913,-0.0394997,0.0637092,0.00846777,0.447459
506963757,-0.049178,0.0502614,0.00786894,0.448262
506995941,-0.0539589,0.0355969,0.00706123,0.449358
507027784,-0.0522528,0.0222766,0.0062445,0.450754
507055806,-0.0473947,0.00679156,0.00557562,0.450707
507087749,-0.0398253,-0.00456724,0.00498949,0.451424
507119747,-0.0333369,-0.00733704,0.00466583,0.451851
507151747,-0.029127,-0.00896492,0.00453333,0.451832
507183749,-0.027328,-0.0110423,0.00436012,0.451799
507215940,-0.0257938,0.00338001,0.00420226,0.451806
507247913,-0.0244265,0.00876465,0.0037036,0.452057
507279751,-0.0258525,0.0090644,0.00310183,0.453064
507311750,-0.0297022,0.00780039,0.00251966,0.453103
507339916,-0.0326071,0.00737493,0.00186175,0.453035
507371914,-0.0390936,0.00296142,0.000594139,0.453004
507403749,-0.0379122,-0.00224293,-0.000766958,0.453011
507435749,-0.0253942,0.00259462,-0.00203573,0.453013
507467750,-0.0151736,0.010319,-0.00317634,0.453012
507499750,-0.00916043,0.0179717,-0.00409605,0.453012
507531781,0.0174323,0.0672743,-0.00452379,0.452514
507559747,0.0375467,0.0306867,-0.00683403,0.449593
507591762,0.0523518,-0.0157749,-0.00876573,0.440895
507623749,0.0578764,-0.0591793,-0.00999801,0.397282
507655779,0.054272,-0.0902899,-0.0106049,0.371581
507687749,0.04129,-0.10626,-0.0279772,0.323582
507719766,0.0241711,-0.107244,-0.0597818,0.292606
507751747,-0.000374181,-0.0926653,-0.104787,0.225264
507783749,-0.021349,-0.0673879,-0.121861,0.174139
507811752,-0.037531,-0.0375028,-0.149391,0.116307
507843751,-0.0546786,-0.000986161,-0.148954,0.08
507875780,-0.0373846,0.0695979,-0.145757,0.08
507907749,0.0414658,0.0738026,-0.147469,0.08
507939760,0.0557972,0.0978018,-0.149045,0.08
507971772,0.0530806,0.0894824,-0.149624,0.08
508003750,0.024091,0.0601847,-0.14956,0.08
508035783,-0.00984454,0.0471604,-0.150081,0.08
508063749,-0.00350908,0.0484897,-0.15017,0.08
508095755,0.00317037,0.0546223,-0.15051,0.08
508127775,0.0014966,0.0541523,-0.151463,0.08
508159750,0.00549407,0.0559117,-0.152511,0.08
508191749,0.00548382,0.0509822,-0.153241,0.08
508223763,0.00788152,0.0517,-0.152552,0.08
508255779,0.0115744,0.0523405,-0.152149,0.08
508287783,0.0107464,0.0509236,-0.152098,0.08
508315780,0.007817,0.0512947,-0.151879,0.08
508347749,0.00679209,0.0526702,-0.151734,0.08
508379747,0.00468404,0.0507089,-0.151234,0.08
508411751,0.00218811,0.0485494,-0.15054,0.08
508443751,0.00334331,0.0490021,-0.149796,0.08
508475780,0.00306815,0.0486149,-0.149644,0.08
508507749,0.00167548,0.04743,-0.149561,0.08
508539752,0.00207773,0.0477092,-0.149552,0.08
508571750,0.000880748,0.0469269,-0.14903,0.08
508599944,0.00117316,0.0468248,-0.148518,0.08
508631750,0.00095831,0.0465384,-0.147816,0.08
508663750,0.000629927,0.0460804,-0.147433,0.08
508695778,0.000280777,0.0444444,-0.147255,0.08
508727797,7.66881e-05,0.0407647,-0.14704,0.08
508759749,-0.000792468,0.0371936,-0.146791,0.08
508791749,0.000111857,0.0381038,-0.146319,0.08
508819750,-4.09673e-05,0.0382315,-0.146034,0.08
508851752,-0.00102072,0.0374665,-0.14549,0.08
508883747,8.02625e-05,0.0337127,-0.100567,0.0
508915749,-0.000333809,0.0336623,-0.100569,1.0789e-19
508947753,-0.000377548,0.0338117,-0.100566,2.47249e-20
508979797,-0.00278044,0.0331394,-0.100567,0.0
509012555,-0.00646788,0.0330652,-0.10054,0.0
509040552,-0.00787953,0.0329104,-0.100533,7.34845e-22
509072548,-0.00412311,0.0330006,-0.100563,0.0
509104552,-0.00155791,0.0326982,-0.100591,0.0
509136620,-0.00204719,0.03255,-0.100592,9.08854e-24
509168549,-0.00304031,0.0332191,-0.100566,3.2834e-24
509200548,-0.00745576,0.0326375,-0.100549,0.0
509232550,-0.00798172,0.0327986,-0.100537,0.0
509264558,-0.00666076,0.0328765,-0.100545,1.76634e-25
509292555,-0.00840851,0.0330426,-0.100525,9.47382e-26
509324552,-0.00850825,0.0334545,-0.100511,4.20676e-28
509356626,-0.0081986,0.0332851,-0.100517,0.0
509388549,-0.00786795,0.0336974,-0.10051,1.05979e-27
509420547,-0.00771074,0.0340997,-0.100503,4.35031e-28
509452552,-0.0059007,0.0343241,-0.100511,0.0
509484549,0.000226285,0.0345105,-0.100557,0.0
509516599,0.000588337,0.0350123,-0.10055,2.19907e-29
509544585,-8.36491e-05,0.0350121,-0.100546,2.0368e-31
509576557,0.000387507,0.0357006,-0.100534,0.0
509608551,7.18201e-05,0.0359049,-0.100531,0.0
509640547,0.000731646,0.0366782,-0.100517,2.20529e-31
509672550,-0.000918876,0.0368231,-0.100503,5.75173e-32
509704553,-0.00176426,0.0373601,-0.100485,0.0
509736603,-0.000620769,0.0379099,-0.100482,0.0
509768555,-0.00304589,0.0378685,-0.100465,1.57095e-33
509796626,-0.00429183,0.0381045,-0.100449,4.5052e-35
509828562,-0.00617342,0.0382941,-0.100429,0.0
509860551,-0.00133319,0.0382973,-0.10047,1.39844e-35
509892550,0.00140022,0.0383332,-0.100492,2.79494e-35
509924575,-0.000403319,0.0383513,-0.100478,0.0
509956631,-0.00412813,0.0384192,-0.100445,0.0
509988549,-0.00354796,0.0384046,-0.100453,3.39594e-37
510020552,-0.00404394,0.0385923,-0.100444,2.02062e-37
510048562,-0.00657997,0.0384287,-0.100431,8.16951e-39
510080553,-0.00673471,0.038813,-0.10042,0.0
510112592,-0.00550365,0.0386467,-0.100437,1.57489e-39
510144590,-0.00297802,0.0390209,-0.100448,3.53981e-39
510176548,-0.00159795,0.0387396,-0.100467,0.0
510208552,0.000712777,0.0391276,-0.100475,0.0
510240547,-0.00317646,0.0388233,-0.100454,4.21174e-41
510272557,-0.00195213,0.0391013,-0.100456,2.59703e-41
510300566,-0.00147459,0.0387717,-0.100468,1.34945e-42
510332555,-0.00695406,0.0389612,-0.100418,0.0
510364549,-0.00763787,0.038666,-0.10042,1.73761e-43
